SlipTime
2008.0657824833029
2008.0677581397997
2008.070236130085
2008.0714608948088
2008.072969793564
2008.0751456246205
2008.077760701275
2008.0789546334245
2008.0803088949606
2008.0814444823923
2008.0830776601397
2008.0842132475714
2008.0859033469944
2008.0870403574681
2008.088709111263
2008.090082346691
2008.0915779637219
2008.0926945772617
2008.094427842289
2008.0956786961142
2008.0973398603521
2008.0985494459624
2008.1002684805708
2008.1029855418944
2008.1039437234365
2008.1058036391926
2008.1083001290224
2008.1095144581057
2008.1111751479964
2008.1133329538554
2008.1150339632666
2008.1162563562539
2008.118606747116
2008.12008955677
2008.1214604204615
2008.1227141203703
2008.1242083143595
2008.125292672283
2008.1270169247116
2008.1280272844565
2008.1298060868246
2008.1307495636004
2008.1326014154524
2008.1335719300243
2008.1354973057073
2008.1364663972374
2008.138343389496
2008.1393167501517
2008.1415713228598
2008.143476301609
2008.1448039996965
2008.1461928885853
2008.1476709547662
2008.1492533773528
2008.151689625076
2008.1539892607773
2008.1553563296904
2008.1567200781724
2008.1580311741045
2008.1594988046447
2008.1607719527929
2008.1622647237402
2008.1635283849423
2008.16506669323
2008.1663811095932
2008.1679089822405
2008.1691441826047
2008.1707474764723
2008.1719338190649
2008.1735646250759
2008.1748221197631
2008.1767508158773
2008.1793113425927
2008.1803762522768
2008.1825800698239
2008.1840889685793
2008.1854418070734
2008.1868273755313
2008.188392721615
2008.1896402550092
2008.1920812462051
2008.1947466036734
2008.1957266051913
2008.1975955335458
2008.1986514306313
2008.200425015179
2008.2014292084093
2008.2032203438068
2008.2042648565573
2008.2060014420158
2008.2070326730418
2008.2088342440802
2008.2098616803278
2008.2115745484214
2008.2128201844262
2008.2143006223437
2008.2154983492715
2008.2170869383729
2008.2198153840316
2008.2212109137827
2008.2227311968732
2008.2254387712508
2008.2275263737097
2008.8735394846692
2008.8743112477232
2008.8763765558592
2008.8774220173043
2008.8791329880085
2008.8802059615969
2008.8818524210685
2008.882911164238
2008.8846022123557
2008.885813221008
2008.8873358758349
2008.888718598209
2008.8901060640558
2008.8916590771098
2008.892807946266
2008.8945682490892
2008.8957598095021
2008.8974883310564
2008.8987927861263
2008.9009320924408
2008.9034190953248
2008.9044863767456
2008.9357230950213
2008.9369013737098
2008.9387105343048
2008.9414693381907
2008.9423326502733
2008.944206796448
2008.945073903309
2008.9470652132666
2008.9479081284153
2008.9499335913783
2008.9508163517
2008.9527692395263
2008.953654845932
2008.955632399818
2008.9566309008803
2008.958324795082
2008.9592777588039
2008.9610385359745
2008.9621883538252
2008.9637366234062
2008.9651312044628
2008.9665034911961
2008.968452584244
2008.96953125
2008.9712080676989
2008.9723246812387
2008.974047036278
2008.9751546372192
2008.977163972374
2008.9783199567396
2008.98024580677
2008.9825203020644
2008.9834666249242
2008.985290015938
2008.9863824377655
2008.9881261384335
2008.989210496357
2008.9909836065574
2008.9938387029447
2008.995008443382
2008.996564776867
2008.9993131451124
2009.0006145357686
2009.0020999809742
2009.0047536149164
2009.0065938926941
2009.0077906202434
2009.0094358828005
2009.0106930175039
2009.012262652207
2009.0150898972602
2009.0161325152208
2009.0177958523593
2009.0187961377474
2009.0207049086757
2009.021656678082
2009.0235583143074
2009.0244549086758
2009.0263703386606
2009.0272407724506
2009.0292180365298
2009.030087519026
2009.032199866819
2009.0330878995435
2009.0351236681888
2009.037491914003
2009.038481259513
2009.040036149163
2009.0413598744292
2009.0428819444444
2009.0446113964992
2009.045830479452
2009.0478339041097
2009.048805650685
2009.0504932458143
2009.0515848554035
2009.053287671233
2009.0543773782344
2009.0561420281583
2009.057238394216
2009.0590201674277
2009.0601046423135
2009.0618802321158
2009.063005612633
2009.064771213851
2009.066020262557
2009.0676992960425
2009.0704266552511
2009.0715311073059
2009.0731811263317
2009.0759589041095
2009.0789269406393
2009.0806297564689
2009.0818688165905
2009.083358542618
2009.0849519596652
2009.0862476217656
2009.0888118340943
2009.0900803843226
2009.0915815258752
2009.0927820585996
2009.094366914003
2009.0954171423136
2009.097242199391
2009.0982382039574
2009.1001217656012
2009.1010464231354
2009.103018455099
2009.1041076864535
2009.1058927891934
2009.1068136415524
2009.1090234969558
2009.1111096841705
2009.1120971270927
2009.1136472602739
2009.1149029680366
2009.1164050608827
2009.11780488965
2009.119316019787
2009.121009322679
2009.1225385273972
2009.1244863013699
2009.127207477169
2009.1282577054794
2009.129778824201
2009.1308961187215
2009.1326017884323
2009.1337395357687
2009.135423325723
2009.1365082762557
2009.1382643645359
2009.1393388508372
2009.1411339421613
2009.142251236682
2009.144122431507
2009.1452687404872
2009.1474186643836
2009.1497759703195
2009.1525504185693
2009.153761891172
2009.15588565449
2009.1572640791476
2009.1587647450533
2009.160031392694
2009.162456240487
2009.1652168949772
2009.1665353881278
2009.1680888508372
2009.1709817351598
2009.171965848554
2009.1736972031963
2009.174715087519
2009.1765092275496
2009.1773668188737
2009.1793326674276
2009.1802582762557
2009.1821213850837
2009.1829804033487
2009.1847759703196
2009.1858476027396
2009.1874186643836
2009.188659151446
2009.1901493531202
2009.1915720129375
2009.1929442541857
2009.19443445586
2009.1958247716896
2009.1978105974124
2009.1992689307458
2009.200965087519
2009.2035773401826
2009.2048116438357
2009.2063066019787
2009.2076655251142
2009.2091523972604
2009.210581716134
2009.2119553843227
2009.2131873097412
2009.2147735920853
2009.2160140791477
2009.2175917998477
2009.2188827054795
2009.220474695586
2009.221657153729
2009.223406107306
2009.2247555175038
2009.2271318493151
2009.2285930365297
2009.2299824010654
2009.2314112442923
2009.2330389079148
2009.2361582001522
2009.2373596841705
2009.239042047184
2009.2416961567733
2009.2426479261796
2009.2445481354641
2009.2455883751902
2009.2473829908677
2009.2484988584474
2009.250224980974
2009.2514136225266
2009.2530370053273
2009.2541623858447
2009.255748192542
2009.2569011605783
2009.2585782914764
2009.2597383942161
2009.2612880517504
2009.26245576484
2009.2639963850836
2009.265403348554
2009.2667575152207
2009.268279109589
2009.2695633561643
2009.2713332382039
2009.272567541857
2009.2748677701675
2009.2773359018265
2009.278354737443
2009.2800537480973
2009.2813284817353
2009.2829361681888
2009.285723934551
2009.2869777397261
2009.288476978691
2009.2900290144596
2009.2913284817353
2009.292780631659
2009.2941471651445
2009.295569824962
2009.2969644216134
2009.2984427321157
2009.2998620624048
2009.3015330098935
2009.3041243340945
2009.3054570966515
2009.307637937595
2009.309580479452
2009.3104804033485
2009.312903824201
2009.315458999239
2009.3163798515982
2009.3182172754946
2009.3191595319636
2009.321158675799
2009.3221247146118
2009.3240377663622
2009.3249472031964
2009.3268174467275
2009.3277834855403
2009.3295923706241
2009.3306002663624
2009.332341609589
2009.333512652207
2009.3351051179604
2009.3364269406393
2009.3378586377473
2009.3393445585998
2009.3406116818874
2009.3421855974125
2009.343413717656
2009.3450461377474
2009.3462457191781
2009.3485773401826
2009.351199105784
2009.352285958904
2009.3538831811263
2009.3549752663623
2009.3567118531203
2009.3595348173517
2009.360478500761
2009.3622754946728
2009.3636919710807
2009.3651417427702
2009.3678924086757
2009.3693559741248
2009.3706892123287
2009.3735925608828
2009.3751127283106
2009.3763356164384
2009.7039897260274
2009.709470605023
2009.714790239726
2009.716225742009
2009.7205550799088
2009.7255531773212
2009.7293345700152
2009.7309151445966
2009.7320752473363
2009.734861111111
2009.7366005517504
2009.7377592275495
2009.7394111491628
2009.7406197678843
2009.7434945776256
2009.7447726407916
2009.7462233637748
2009.747780631659
2009.7491590563166
2009.750846651446
2009.7532938546424
2009.7547089041095
2009.7560592656012
2009.7584636605784
2009.7605693493151
2009.7617456240487
2009.7636605783866
2009.766432172755
2009.7676212899544
2009.7692594178081
2009.7720795281582
2009.773124524353
2009.7748192541858
2009.7758927891932
2009.7775290144596
2009.778773306697
2009.78043141172
2009.7815363394216
2009.7832762557077
2009.7845362442922
2009.7859003995434
2009.7871889269406
2009.7886191971081
2009.7901926369864
2009.7913484589042
2009.79288717656
2009.7941623858449
2009.7958523592085
2009.7972536149164
2009.799489630898
2009.8019444444444
2009.8030679223743
2009.804743150685
2009.807583238204
2009.808699105784
2009.8103153538814
2009.8116566780823
2009.8131387937594
2009.8144886796042
2009.815945585997
2009.8174205669711
2009.8187994672755
2009.820348649163
2009.82168141172
2009.8231549657535
2009.8246033105022
2009.8270547945206
2009.82857163242
2009.8298948820395
2009.8323049847793
2009.8345443302892
2009.8374676560122
2009.8385012366819
2009.8400851407914
2009.841345129376
2009.8431464041096
2009.8457905251141
2009.846649543379
2009.8486249048706
2009.8496294710806
2009.851420281583
2009.852547564688
2009.8542480022832
2009.8554480593607
2009.8570153158296
2009.858278633942
2009.859765981735
2009.8611876902587
2009.8625328196347
2009.8641362252663
2009.865296328006
2009.867183219178
2009.8684579528158
2009.8705603120243
2009.8727853881278
2009.8737985159817
2009.8757562785388
2009.877017218417
2009.8786805555555
2009.8813817541857
2009.8824039193303
2009.8841262366818
2009.8852663622527
2009.8869629946728
2009.8897892884322
2009.8925941780822
2009.8941424086759
2009.8953595890412
2009.898188261035
2009.8997127092846
2009.9009246575342
2009.9026526826483
2009.903848934551
2009.9054570966514
2009.9084508181127
2009.9111539193302
2009.9120709665144
2009.9138988774735
2009.9149733637748
2009.9167142313547
2009.9178139269407
2009.919596651446
2009.9206982496196
2009.9225589802131
2009.9252977549468
2009.9262847222221
2009.928033675799
2009.9289611872146
2009.9308038432268
2009.9318069824963
2009.9335644977168
2009.9347669330289
2009.9363070776255
2009.9378567351598
2009.9391171993911
2009.9417346841706
2009.943544520548
2009.944580955099
2009.9464825913242
2009.9475061834094
2009.9496209094368
2009.9550818112634
2009.956246670472
2009.9579461567732
2009.959042998478
2009.9607890981736
2009.9619763127853
2009.9636291856925
2009.9664350266362
2009.9676631468797
2009.9693188736683
2009.9719439687976
2009.9747193683409
2009.9764031582952
2009.9775808599695
2009.9792470509894
2009.9804399733637
2009.9820462328767
2009.9833656773212
2009.9849705098934
2009.9877463850837
2009.989101978691
2009.9905869482495
2009.9933866057838
2009.9943264840183
2009.996158675799
2009.997250761035
2009.9990101788433
2010.0018692922374
2010.0028419901066
2010.0048225837138
2010.0074586187216
2010.008287671233
2010.010035673516
2010.0110925608828
2010.012721175799
2010.0140453767124
2010.0155222602739
2010.018322869102
2010.0203819444444
2010.0213104071538
2010.023076959665
2010.0240667808218
2010.0259365487063
2010.0269468226788
2010.0288270547944
2010.0298444634702
2010.031705194064
2010.0327311643834
2010.0346028348554
2010.0357049086758
2010.037472888128
2010.040344843988
2010.0416557267883
2010.0431963470319
2010.0458081240488
2010.0470243531202
2010.0486601027396
2010.051238108828
2010.0538950722982
2010.055985064688
2010.057144216134
2010.0586401255707
2010.0598996385083
2010.0614050608829
2010.0626398401826
2010.0642075722983
2010.0654062024353
2010.067017218417
2010.0681982496194
2010.0698730022832
2010.070961282344
2010.0728148782343
2010.07568445586
2010.0766171993912
2010.0784375
2010.0794449200914
2010.0812956621005
2010.0822526636225
2010.0844606164383
2010.0863708143074
2010.0875285388129
2010.0889902016743
2010.0904266552511
2010.09186738965
2010.0934860159816
2010.0949376902588
2010.0973710996957
2010.0997716894976
2010.100783390411
2010.1025033295282
2010.1037000570777
2010.1053025114156
2010.1063222983257
2010.108117865297
2010.1091923515983
2010.1109593797564
2010.112044805936
2010.1138755707761
2010.1149890601218
2010.11724695586
2010.1195395738205
2010.1206830289193
2010.1228367579909
2010.1249752663623
2010.1283828006087
2010.1298758561643
2010.1313161149162
2010.1326997716894
2010.135316780822
2010.1369839231354
2010.1381497336376
2010.140810502283
2010.1421651445967
2010.1435787671232
2010.1448749048707
2010.1463969748859
2010.1476388888889
2010.1492660768645
2010.1503148782344
2010.1521161529681
2010.1531863584476
2010.155090848554
2010.1569915334856
2010.1583009893454
2010.1601593417047
2010.161265696347
2010.1627872907154
2010.1641195776256
2010.1655360540335
2010.1670091324202
2010.1683628234398
2010.1701184360732
2010.1713375190259
2010.1738984018266
2010.176353215373
2010.1776907343988
2010.1791856925418
2010.1804247526636
2010.181922564688
2010.1830612633182
2010.184695585997
2010.1858181126331
2010.1874904870624
2010.1886282343987
2010.190312975647
2010.1917422945205
2010.1932386796043
2010.1946865487062
2010.196933980213
2010.1985078957382
2010.1998596841704
2010.2015039954338
2010.204034912481
2010.205589326484
2010.206923040335
2010.209220890411
2010.2117651255708
2010.2144625190258
2010.217317827245
2010.2201707572299
2010.2214340753424
2010.2229228500762
2010.2242418188737
2010.2257500951293
2010.2271171042619
2010.2285830479452
2010.2296946347033
2010.2313674847794
2010.2324904870625
2010.2343060312023
2010.235387652207
2010.2369406392695
2010.2381868340944
2010.23951674277
2010.2409222792999
2010.2422217465753
2010.2437552321157
2010.245035673516
2010.2475242579908
2010.250012366819
2010.2510692541857
2010.2528424657535
2010.255423325723
2010.2567175608829
2010.2583328576864
2010.2595433789954
2010.26119054414
2010.2623834665144
2010.2639469178082
2010.2652321156772
2010.2668003234398
2010.2681720890412
2010.2696228120244
2010.2711762747335
2010.2726098744292
2010.27526065449
2010.2765487062404
2010.278038432268
2010.2804418759513
2010.2823278158296
2010.2837385844748
2010.285525589802
2010.2882263127854
2010.2910421423135
2010.292084760274
2010.2938075532725
2010.2966438356164
2010.2976526826485
2010.2994354071536
2010.3008694824962
2010.3023154490106
2010.3050780060883
2010.3063670091324
2010.3078505517503
2010.3090953196347
2010.3105874238965
2010.3119753614917
2010.3134327435312
2010.3147412480973
2010.3159584284626
2010.3175623097413
2010.3187623668189
2010.3207534246576
2010.3219040144597
2010.3240358637747
2010.3265277777778
2010.3274505327245
2010.3293103120243
2010.3304142884322
2010.3322046232877
2010.3332662671232
2010.3349885844748
2010.3362343036529
2010.3377891933028
2010.340549847793
2010.3420914193302
2010.343389459665
2010.3451017884322
2010.34637652207
2010.3480978881278
2010.350802891933
2010.353603500761
2010.354987633181
2010.3568103120244
2010.3591723744291
2010.3603391362253
2010.3620100837138
2010.3647693112632
2010.3658613964992
2010.3675361491628
2010.3686662861492
2010.370482781583
2010.3732862442923
2010.3742342085236
2010.3760744863014
2010.3771052130899
2010.3788270547946
2010.3798872716895
2010.3816319444445
2010.3843635844748
2010.3857396308981
2010.387056221461
2010.3886548706241
2010.389853500761
2010.391609589041
2010.39268597793
2010.3945195966514
2010.395530346271
2010.3977782534246
2010.4004257039574
2010.401321822679
2010.403188261035
2010.4042827245053
2010.4059660388127
2010.4069549086757
2010.408805175038
2010.4098192541858
2010.4115805745814
2010.412702149924
2010.414399257991
2010.4171475456621
2010.4184546232877
2010.4199229452054
2010.4226522070014
2010.4245381468797
2010.4255322488584
2010.427310216895
2010.4288774733639
2010.4308561643836
2010.4329014459665
2010.4359669901066
2010.4386529680364
2010.43956858828
2010.441344178082
2010.4425104642314
2010.4442289764079
2010.4453981164384
2010.4471152016743
2010.449956716134
2010.4507748287672
2010.4526869292238
2010.4536329908676
2010.4564345509893
2010.4582229832572
2010.4593017503805
2010.4609707952816
2010.4636125380518
2010.4653652968036
2010.4768726217656
2010.4778619672754
2010.4797935692543
2010.4808566400304
2010.482638413242
2010.4837766362252
2010.4855127473363
2010.4865006659056
2010.4881958713852
2010.4966509703197
2010.4993164954337
2010.5039987633181
2010.505284436834
2010.50676369863
2010.5094629946727
2010.5123787100456
2010.5135392884322
2010.5151160578387
2010.516447393455
2010.5180336757992
2010.5208956430745
2010.521875
2010.523651065449
2010.5246941590563
2010.526526826484
2010.5277430555554
2010.5294791666668
2010.5320937975646
2010.5329375951294
2010.5348430365298
2010.5358176369864
2010.5375599315068
2010.538770452816
2010.5402444824963
2010.542895262557
2010.548228215373
2010.55742532344
2010.559248002283
2010.5602830098935
2010.5621898782344
2010.5659003995434
2010.5735312024353
2010.5888945966515
2010.5899395928463
2010.5915615487063
2010.5926969178083
2010.5944192351599
2010.595578386606
2010.5972945205478
2010.600292998478
2010.6031221461187
2010.60413717656
2010.606103500761
2010.6085616438356
2010.6136929223744
2010.624446822679
2010.6254404490107
2010.6451365106545
2010.6503262937595
2010.6521484969558
2010.6694434931508
2010.670973173516
2010.6720909436833
2010.6737794901067
2010.6766490677321
2010.6798682458143
2010.684770738204
2010.6859570015222
2010.6887947108066
2010.6901350837138
2010.6929385464232
2010.6946190068493
2010.695858542618
2010.698429414003
2010.700988869863
2010.7021389840183
2010.7037157534246
2010.7048325722983
2010.706483542618
2010.7076022640792
2010.709292237443
2010.710561738965
2010.7121142503804
2010.7131835045661
2010.7148925038052
2010.716305175038
2010.7188080289193
2010.7203457952817
2010.7216985350076
2010.7231949200914
2010.7246646689498
2010.7275147450532
2010.7311762747336
2010.7332015791476
2010.7364259893454
2010.7390001902588
2010.7420005707763
2010.7434779299847
2010.7447721651447
2010.7463998287672
2010.7476246194824
2010.748864155251
2010.750348173516
2010.7516333713852
2010.7531953957382
2010.7544121004566
2010.7560292998478
2010.75892836758
2010.7598715753425
2010.7613184931506
2010.7625703957383
2010.7639117199392
2010.7653809931508
2010.7666600076104
2010.7683209665145
2010.7695424277017
2010.7720757229833
2010.7745942732115
2010.775648782344
2010.7774196156772
2010.7787390601218
2010.7802459094369
2010.7815082762556
2010.7830798135465
2010.7843027016743
2010.785847127093
2010.7869924847794
2010.78863108828
2010.789968131659
2010.7914811643836
2010.7928814687975
2010.7943383751904
2010.7969962899544
2010.7983880327245
2010.7997569444444
2010.8013437024354
2010.8044815449011
2010.8072303082192
2010.808595890411
2010.8101645738204
2010.812792998478
2010.8140729642314
2010.8156654299848
2010.8184522450533
2010.821219082953
2010.822463850837
2010.8240525114156
2010.825680650685
2010.826954433029
2010.8296970129377
2010.8309698439878
2010.8324267503806
2010.8337466704718
2010.8351850266363
2010.8366005517503
2010.837880517504
2010.839429699391
2010.8406673325724
2010.8423644406394
2010.84349695586
2010.8459032534247
2010.8483885083713
2010.849426369863
2010.8511467846272
2010.8521218607307
2010.8540020928463
2010.8550613584475
2010.8568597792998
2010.859675133181
2010.8607657914763
2010.8623801369863
2010.8637200342466
2010.8651797945206
2010.8679661339422
2010.8693816590562
2010.8707096651447
2010.8723168759514
2010.8735740106545
2010.875174562405
2010.8765677321157
2010.8788865106544
2010.8808599695585
2010.882234589041
2010.8841286149163
2010.8867113774734
2010.8894439687977
2010.8904956240488
2010.892187975647
2010.8935107496195
2010.8951522070015
2010.8978924086757
2010.898920281583
2010.9006735159817
2010.9035064687976
2010.9047783485541
2010.906273782344
2010.908987347793
2010.9108671042618
2010.912448630137
2010.9142189878235
2010.9164255136986
2010.917471936834
2010.9195034246575
2010.9220619292237
2010.9229342656013
2010.9248801369863
2010.92587043379
2010.92775304414
2010.9287961377474
2010.930616914003
2010.9316562024353
2010.9334826864535
2010.934556697108
2010.9362799657533
2010.9373906012177
2010.9390910388129
2010.9418145928462
2010.94339326484
2010.944735064688
2010.9472911910198
2010.949160958904
2010.9502953767123
2010.9521527777779
2010.9549828767124
2010.957721651446
2010.960517979452
2010.9615610730593
2010.9631440258752
2010.9642465753425
2010.966008847032
2010.9671784627092
2010.9689026826484
2010.9716861681886
2010.9726907343988
2010.9744368340944
2010.9754618531204
2010.9773397070014
2010.980126046423
2010.9811648592085
2010.9828529299848
2010.9840444254185
2010.9856516362252
2010.9882424847792
2010.9910021879757
2010.9929047754947
2010.9939079147641
2010.995823344749
2010.9968759512938
2010.9987233637748
2010.9997997526636
2011.0016837899543
2011.0044801179604
2011.0053667237444
2011.007227454338
2011.008263413242
2011.0101179604262
2011.0114107686454
2011.013101217656
2011.0156868340944
2011.0168650114156
2011.0185031392693
2011.021206716134
2011.024003519787
2011.0256378424658
2011.0268559741248
2011.0285174086757
2011.02976217656
2011.0313180175037
2011.0327425799087
2011.0342656012176
2011.0369358828007
2011.0380527016744
2011.0396803652968
2011.0407976598174
2011.0425722983257
2011.0454951484019
2011.0465239726027
2011.0482886225266
2011.0511225266362
2011.0521194824962
2011.0538741438356
2011.055004280822
2011.0569287480973
2011.0592936643836
2011.060351503044
2011.0624995243531
2011.0645433789955
2011.0660659246576
2011.0673963089803
2011.0699186643835
2011.072492865297
2011.0734118150685
2011.0751912100457
2011.076183409437
2011.0780246385084
2011.079027302131
2011.0809194254186
2011.0819439687975
2011.083905060883
2011.0851070205479
2011.0870381468796
2011.0894663242009
2011.0904894406392
2011.0925375761035
2011.0949852549468
2011.0962148021308
2011.0980788622526
2011.100292998478
2011.1034546232877
2011.1050451864535
2011.1066205289194
2011.1079299847793
2011.1093616818873
2011.1107743531202
2011.1134921993912
2011.1146342275495
2011.116213850837
2011.117401541096
2011.1190767694063
2011.1203253424658
2011.1219648972603
2011.1248677701674
2011.1259194254185
2011.1277007229833
2011.1304989535768
2011.131460235921
2011.1337281202436
2011.1353943112633
2011.1366509703196
2011.1381154870624
2011.1395933219178
2011.1409232305937
2011.1425423325722
2011.1438327625572
2011.1464687975647
2011.149038717656
2011.1502525684932
2011.1519449200914
2011.1528691019787
2011.154552891933
2011.1557424847792
2011.1573834665144
2011.1584945776256
2011.1602021499239
2011.1613627283105
2011.163437024353
2011.1658338089803
2011.1669168569254
2011.1686130136986
2011.1698634893455
2011.172337328767
2011.1738679604262
2011.1754276065449
2011.1768759512938
2011.1793835616438
2011.1817960426179
2011.1843878424659
2011.1873073630136
2011.1899058219178
2011.1913341894976
2011.1927421042617
2011.1941523972603
2011.195601217656
2011.1970895167428
2011.1984555745814
2011.199841609589
2011.2013674847792
2011.2041124429225
2011.20506706621
2011.2068635844748
2011.2080664954337
2011.2104133371386
2011.2118616818873
2011.213299086758
2011.214647545662
2011.2161995814308
2011.2174733637748
2011.2191994863015
2011.2203572108067
2011.2229694634702
2011.2254846841704
2011.2266918759512
2011.2283747146118
2011.2311063546424
2011.232151350837
2011.2338351407914
2011.235
2011.2366357496194
2011.2378272450533
2011.2394487252664
2011.240712519026
2011.242227929985
2011.2435683028918
2011.2451774162862
2011.2477349695587
2011.2491324200914
2011.2505279680365
2011.2522131849314
2011.2553572108068
2011.258010369102
2011.2608043188736
2011.2620723934551
2011.2637195585996
2011.266396023592
2011.269327910959
2011.2720814307459
2011.2733804223744
2011.27488869863
2011.2762005327245
2011.277736872146
2011.2792689307457
2011.2806335616438
2011.283374238965
2011.2845595509893
2011.2859898211568
2011.2875732496195
2011.288634893455
2011.2901712328767
2011.29137652207
2011.2931559170472
2011.294228976408
2011.296684741248
2011.299189497717
2011.300078957382
2011.301990106545
2011.3030279680365
2011.3048787100456
2011.306036434551
2011.3076850266361
2011.31043141172
2011.3115563165907
2011.3131416476408
2011.3145276826483
2011.3159945776256
2011.3174048706242
2011.318837043379
2011.3203201103502
2011.3232938546423
2011.3245700152206
2011.3263208713852
2011.3289745053273
2011.3300090372907
2011.3320985540336
2011.3347222222221
2011.3374067732116
2011.338508847032
2011.3401950152206
2011.3415672564688
2011.3431540144597
2011.34588565449
2011.3469967656013
2011.3486786529681
2011.35149543379
2011.354374524353
2011.3570538432268
2011.3587228881279
2011.3600057077626
2011.362373953577
2011.3640054223745
2011.3651317541858
2011.3669363584474
2011.3679185692542
2011.3702934741248
2011.372942827245
2011.373820871385
2011.3757101407914
2011.3766956811264
2011.3787010083713
2011.3797331621004
2011.3815491818873
2011.3826260464232
2011.3843502663622
2011.387029585236
2011.388057458143
2011.3897593226789
2011.391154870624
2011.3925523211567
2011.3953581621004
2011.3969606164383
2011.3981830289192
2011.3998701484018
2011.4011591514459
2011.402824391172
2011.4056858828005
2011.4085055175037
2011.4097859589042
2011.41139174277
2011.4140620243531
2011.4151864535768
2011.4168769025875
2011.419735064688
2011.4208514079148
2011.4225009512938
2011.42367532344
2011.4253348554034
2011.4281026445967
2011.4291856925418
2011.430834760274
2011.4335882800608
2011.4363280060884
2011.4382282153729
2011.4394016362253
2011.4413137366819
2011.4438831811262
2011.4447835806698
2011.446724695586
2011.4478339041095
2011.4496984398781
2011.4524196156774
2011.4533014649924
2011.455181221461
2011.4561382229833
2011.4580674467275
2011.4590934170471
2011.4609184741248
2011.4619772640792
2011.4637114726027
2011.464837328767
2011.466479737443
2011.469145262557
2011.471930175038
2011.4738151636225
2011.4749752663622
2011.4767394406392
2011.4794082952815
2011.4806059741247
2011.482104261796
2011.4834246575342
2011.4850965563166
2011.4877915715374
2011.4888793759512
2011.4906054984779
2011.4917865296804
2011.4935792427702
2011.4963746194826
2011.4976640981736
2011.499240391933
2011.5019701293759
2011.5031497336377
2011.5047065258752
2011.505846651446
2011.5075937024353
2011.51018597793
2011.5114102929986
2011.5129085806698
2011.5155431887367
2011.5178267694064
2011.5205227359208
2011.5215948439877
2011.5233590182647
2011.5263831811262
2011.5290415715374
2011.5299348363774
2011.5317827245053
2011.5328334284627
2011.534750761035
2011.5358609208524
2011.5376436453578
2011.5403667237442
2011.541360825723
2011.5430945585997
2011.5442889079147
2011.5459394025875
2011.5485302511415
2011.5512675989346
2011.5529647070016
2011.554236586758
2011.5559308409436
2011.5572445776256
2011.5587366818875
2011.5615539383562
2011.5627520928463
2011.5643141171995
2011.565501807458
2011.567199391172
2011.5701688546424
2011.5729371194825
2011.5739787861492
2011.5757020547944
2011.5768374238964
2011.5786172945207
2011.5812752092847
2011.5823187785388
2011.5842370624048
2011.5864179033485
2011.5877221270928
2011.5890953196347
2011.5906773211568
2011.592393455099
2011.5945110350076
2011.5970890410958
2011.5981777968036
2011.599917237443
2011.600988869863
2011.6028191590563
2011.6056078767124
2011.6065520357686
2011.6084365487063
2011.6095352929985
2011.6116666666667
2011.613778063166
2011.6148087899544
2011.616479261796
2011.6177207001522
2011.6202834855403
2011.6219430175038
2011.6233647260274
2011.626567256469
2011.6282096651446
2011.6299552891933
2011.63262652207
2011.6338146879757
2011.635300133181
2011.63661434551
2011.6380964611872
2011.6394439687977
2011.6409503424657
2011.643718131659
2011.6448549277018
2011.6464840182648
2011.647666000761
2011.649378805175
2011.6523477929984
2011.6551759893455
2011.6582648401827
2011.6600380517505
2011.6612780631658
2011.6628705289193
2011.6642061453576
2011.6655241628614
2011.6671746575341
2011.6684084855403
2011.670980783866
2011.673599695586
2011.6765520357687
2011.6775851407915
2011.6792132800608
2011.6802192732116
2011.6819772640793
2011.6829770738204
2011.6847279299848
2011.6858204908676
2011.6875057077625
2011.6887052891932
2011.6902734969558
2011.6915634512939
2011.6931554414002
2011.6945704908676
2011.6970861872146
2011.6986244292239
2011.6999034436833
2011.7031354642313
2011.7060740106544
2011.7091015030442
2011.711866438356
2011.7132957572298
2011.7146099695585
2011.7161168188736
2011.7174609969559
2011.7187723554034
2011.7201165334855
2011.7231140601218
2011.724169520548
2011.7257962328767
2011.7268902207002
2011.728635369102
2011.731820300609
2011.7340025684932
2011.7351588660579
2011.7365439497717
2011.7379637557078
2011.7392903348555
2011.7408675799086
2011.742092370624
2011.7442774923898
2011.7453386605785
2011.7475837138509
2011.7501484018264
2011.7529456811262
2011.7540097031963
2011.7556749429223
2011.7567532343987
2011.7584403538813
2011.7595552701675
2011.761237633181
2011.7624315068492
2011.764050608828
2011.7653843226788
2011.7668697678844
2011.7683000380518
2011.7698910768645
2011.7722883371384
2011.773758561644
2011.7751317541856
2011.7778077435312
2011.7802102359208
2011.782748763318
2011.7854704147642
2011.7883076484018
2011.791103500761
2011.7940087519025
2011.7967080479452
2011.7981102549468
2011.7994958143074
2011.8007653158295
2011.8023045091325
2011.8037390601219
2011.8051688546423
2011.808041761796
2011.8095400494674
2011.8119373097413
2011.8131164383562
2011.814659912481
2011.8158452245054
2011.8175922754947
2011.8186738964991
2011.8212452435312
2011.8237690258752
2011.8246713280062
2011.826554414003
2011.8275499429224
2011.8294924847794
2011.830442827245
2011.8322636035007
2011.8333904109588
2011.835055650685
2011.8363108828007
2011.8377953767124
2011.8391062595128
2011.8405755327244
2011.8421351788431
2011.843596366058
2011.8460511796043
2011.8475960806697
2011.848848458904
2011.8505560312024
2011.8519325532725
2011.8543107876712
2011.856567256469
2011.8593022260275
2011.8605117960426
2011.8621142503805
2011.8648825152206
2011.8662062404871
2011.867748763318
2011.8705079908675
2011.8732952815828
2011.876170566971
2011.8788774733637
2011.8817175608829
2011.8831378424657
2011.8844282724506
2011.8863960235922
2011.8892503805175
2011.8918245814307
2011.8927026255708
2011.894687024353
2011.8957686453577
2011.8976174847794
2011.900402872907
2011.9013184931507
2011.9031540144597
2011.9041424086759
2011.9061287100456
2011.9070595509893
2011.90898782344
2011.9117080479452
2011.9127035768645
2011.914343607306
2011.9155722031962
2011.917144216134
2011.9187019596652
2011.9199914383562
2011.9219829718418
2011.9246023592086
2011.9256939687975
2011.927314497717
2011.9305208333333
2011.933034151446
2011.9340724885844
2011.935815258752
2011.9369986681888
2011.9387309741248
2011.9415258751903
2011.9427996575344
2011.9443959284627
2011.947112347793
2011.948255327245
2011.9499381659057
2011.9527040525113
2011.9555079908675
2011.9582148972602
2011.9602758751903
2011.9616647640792
2011.963406107306
2011.9658033675798
2011.9686358447489
2011.9713779490107
2011.9722992770166
2011.9741485920852
2011.9750975076104
2011.9770067541856
2011.9779475837138
2011.979889174277
2011.9808209665146
2011.9829128614917
2011.9854780251142
2011.9863984018266
2011.9882967085236
2011.9892817732116
2011.9911011225267
2011.9937590372908
2011.995185502283
2011.996764174277
2011.999192827245
2012.0009477459016
2012.0021008841834
2012.0037971501215
2012.0049417501518
2012.0066854508198
2012.0080359175774
2012.0100556883729
2012.0123833105647
2012.0135250645112
2012.0152308173954
2012.0181518480572
2012.0208722298119
2012.022000702034
2012.0236779940801
2012.026489450516
2012.0275453476017
2012.0292714974196
2012.0320132248028
2012.0333328589861
2012.0349233454767
2012.0372765824227
2012.039754572708
2012.0422705107771
2012.043287037037
2012.0450539807225
2012.047786695507
2012.0486817888586
2012.0505621015482
2012.0515800508501
2012.0535632969033
2012.056321626442
2012.0572584623558
2012.0591847867336
2012.0619469110504
2012.0628718882817
2012.0649941180934
2012.0672866385853
2012.0683211900425
2012.0701251328173
2012.0714793943534
2012.0733767835459
2012.0756375227686
2012.0780448353066
2012.080339727535
2012.0814800584396
2012.0830928392531
2012.084312860504
2012.0858782065877
2012.087067395264
2012.0886825478142
2012.0902260739224
2012.0922116917122
2012.0943144732848
2012.0954353559503
2012.0972350295992
2012.1001152663935
2012.1011697404372
2012.102993131451
2012.1056001442016
2012.1067822176685
2012.1086331208257
2012.1105807908318
2012.1119132323922
2012.1133571455678
2012.11516678051
2012.1184250721008
2012.121394486187
2012.1226643139041
2012.12423630085
2012.1255431276563
2012.1271056276564
2012.1298302785367
2012.1306916932301
2012.1325492372496
2012.1335629174257
2012.1354351662112
2012.136559843655
2012.1387850068306
2012.1406031800243
2012.1417724461141
2012.143376214329
2012.1447010663328
2012.1462758993625
2012.1478720780206
2012.1505692167577
2012.1539584282027
2012.1568818306012
2012.1595063942016
2012.1606851472375
2012.1621636877655
2012.1634287720096
2012.1649637598664
2012.166199434578
2012.167777588039
2012.1690146857923
2012.170626043564
2012.1718683591378
2012.173475922131
2012.1764088114753
2012.1792857278385
2012.1819582005162
2012.182988957195
2012.1854090771099
2012.1867737742866
2012.1882219565878
2012.1895344755617
2012.1911761915603
2012.1923829310867
2012.1949894694899
2012.1975661240133
2012.2004122078022
2012.2015055783243
2012.2031975751365
2012.2043156117184
2012.205965391621
2012.207125170765
2012.2087811171828
2012.2099062689738
2012.211535651943
2012.212762314056
2012.2144552595628
2012.2157307794475
2012.2182267949302
2012.2196332346691
2012.221084263054
2012.2224978180025
2012.2240750227686
2012.2274523755314
2012.230077413479
2012.2328736908014
2012.2356704424712
2012.2385345514572
2012.2402943799332
2012.241358340923
2012.2428662909836
2012.2441403878263
2012.2456089670613
2012.2469395112325
2012.2483146440497
2012.2497490702792
2012.251255597298
2012.252682433971
2012.2553515862173
2012.2565308136004
2012.2583067698847
2012.2604228331816
2012.2619056428355
2012.263160291439
2012.264835686096
2012.2660315156345
2012.2685612097753
2012.271144979508
2012.273946474651
2012.274914143139
2012.2767380085004
2012.2795456701579
2012.2805266203704
2012.2822466036735
2012.2833779219793
2012.2850186892836
2012.2862591074681
2012.2878216074682
2012.2891535746812
2012.2906254743473
2012.2920210040984
2012.293407995598
2012.2949387143292
2012.2976282635095
2012.2988331056467
2012.30052842289
2012.3019699643291
2012.3040921941408
2012.3065289162114
2012.309317603977
2012.3120830487248
2012.3133803885853
2012.314907312538
2012.3176575781724
2012.320409741196
2012.3221752618397
2012.3233568609594
2012.3260411923193
2012.3277369839102
2012.328934710838
2012.3315455183667
2012.3330283280206
2012.3344774590164
2012.3367808894961
2012.3385141545234
2012.3396023072253
2012.3421101813904
2012.3446242220705
2012.3455762370977
2012.3474181276563
2012.348504382969
2012.3504672320887
2012.3531046030662
2012.3539963759868
2012.3558705221615
2012.3568633310565
2012.3586516203704
2012.3596904409533
2012.3614350903158
2012.3629378225562
2012.364255085003
2012.3668720590467
2012.3684075212507
2012.3696768746206
2012.3713034115058
2012.3725424066486
2012.3742144808743
2012.3777516886764
2012.3799697366424
2012.3811873861566
2012.382884126442
2012.3856799294172
2012.3867747229813
2012.3884648224043
2012.3914200060717
2012.3940478901031
2012.3950933515482
2012.3968119118094
2012.3996921486034
2012.4023513395568
2012.405115361263
2012.407413099575
2012.4102753111717
2012.4127404940803
2012.4157137029447
2012.417973493473
2012.4188330107772
2012.420904485428
2012.421919588646
2012.4238122343654
2012.424877618397
2012.4268784153005
2012.42945222374
2012.4304943647542
2012.4322821797207
2012.4331668374316
2012.4349888054037
2012.4359972677596
2012.4377760701275
2012.4389116575592
2012.440540566181
2012.4432528840316
2012.4449121508803
2012.4460875834852
2012.4478108872192
2012.4489569102914
2012.4508357999393
2012.4537018063145
2012.4564255085004
2012.457425906952
2012.459136403309
2012.4602463759866
2012.462083048725
2012.464950478142
2012.4676974233455
2012.468781781269
2012.470444368549
2012.4716596463265
2012.4732966188524
2012.476026487553
2012.4772280092593
2012.4788493283243
2012.4815436209776
2012.4842118245294
2012.4865024476321
2012.4890558591378
2012.4902815725561
2012.4918824946874
2012.4946360807528
2012.4973934615969
2012.4983136953551
2012.5002120332422
2012.5014505540375
2012.5032563942016
2012.5058975599575
2012.506851472374
2012.508747912872
2012.509650121433
2012.5116874430782
2012.514229470249
2012.515080923649
2012.5168872381603
2012.5181670271706
2012.5197655775653
2012.5223631033698
2012.5242566977838
2012.5254027208562
2012.5271578058591
2012.5283356102004
2012.529983492714
2012.532771231785
2012.5338204880086
2012.5354892418034
2012.5369027967517
2012.5389828096538
2012.5412193571644
2012.54426087204
2012.5469319216759
2012.5480328817548
2012.5496741234062
2012.5509235541895
2012.5526240892532
2012.5552054872496
2012.5563002808135
2012.5580103028233
2012.5605656117182
2012.5630540376442
2012.5654589784456
2012.568235807529
2012.5710306618093
2012.5737961065574
2012.5748045689131
2012.5766336520946
2012.57953476017
2012.5804919930176
2012.5823609213721
2012.5850087279903
2012.5859593199757
2012.5882025083486
2012.590243150425
2012.5913915452338
2012.5929360200364
2012.5943334471767
2012.5959215619307
2012.5975324453552
2012.5990773945052
2012.6013936323618
2012.6033673914694
2012.6045684388282
2012.6062443078324
2012.6074439321494
2012.6090714177292
2012.6102762598664
2012.6119013737098
2012.6146962279902
2012.6157464329083
2012.6174583523073
2012.6186541818458
2012.620684862629
2012.623227364147
2012.6243767076503
2012.6262247647237
2012.6288720969944
2012.631545992714
2012.6330610579842
2012.6349076920158
2012.6364066294777
2012.6380630502429
2012.6393874278992
2012.6418170347602
2012.6444928278688
2012.6458788706739
2012.6473797055253
2012.6501650728596
2012.6511963038859
2012.6528987363388
2012.653896763054
2012.6559378794777
2012.6585709813296
2012.6595433932907
2012.66124297966
2012.662431693989
2012.6648361604432
2012.6664655434122
2012.6677690497875
2012.6692423724955
2012.6707441560413
2012.672220324833
2012.6747998254402
2012.6771554341226
2012.679870598057
2012.6827038744686
2012.6839528309047
2012.6853953210382
2012.686696455677
2012.688231917881
2012.6894490930479
2012.6909897730723
2012.6922652929568
2012.693835856861
2012.696637826351
2012.698088854736
2012.700206815422
2012.702068628567
2012.7031928316637
2012.7048411885246
2012.706326369915
2012.7086601586218
2012.7100390862174
2012.7115603180025
2012.7128695165452
2012.7154594527929
2012.718008595173
2012.7207621812386
2012.7236120598056
2012.7247362629023
2012.7263571076198
2012.7273921334245
2012.729171884487
2012.7302154485428
2012.7319539313903
2012.7330838266546
2012.7347658621736
2012.7359555251974
2012.7375645112324
2012.7389377466607
2012.7405623861566
2012.7428378301456
2012.7442603976929
2012.745640273983
2012.7472843617184
2012.7485660481177
2012.7510985883425
2012.7535220286886
2012.756146592289
2012.7589030244383
2012.7617861073163
2012.763287416515
2012.76453827034
2012.766019656952
2012.7673511498178
2012.770129401943
2012.7714324339709
2012.7728962697329
2012.7741400083485
2012.775706303127
2012.7771611262901
2012.7786297055252
2012.7810939397389
2012.7824614829995
2012.783838987553
2012.7864829993928
2012.7881294588647
2012.789208598968
2012.7917335496356
2012.7942807946265
2012.7971098019125
2012.7981135207954
2012.7999511422283
2012.8027028309048
2012.8036932680632
2012.8054445582877
2012.8064914427748
2012.8081934008803
2012.8093745256526
2012.8109536278082
2012.8122704159077
2012.8137366234062
2012.8151753187615
2012.8165680024288
2012.8182163592896
2012.819471007893
2012.8219328703703
2012.823686057984
2012.824874297966
2012.8273712621433
2012.829736832119
2012.8324344452035
2012.8337037985732
2012.8352601320582
2012.8380398072252
2012.840815687614
2012.8436138623254
2012.8464784456587
2012.8480371508804
2012.8492486338798
2012.8510696531573
2012.8521459471767
2012.8547373064664
2012.8563187803582
2012.8575843389497
2012.8599850106255
2012.8617604925623
2012.8628163896478
2012.86528441864
2012.867793715847
2012.8691475030357
2012.8707730912265
2012.8734531534608
2012.8743657976624
2012.8762703020643
2012.8772123557985
2012.8791642949302
2012.8802016924712
2012.8819591492106
2012.8846050584395
2012.8856913137522
2012.887442603977
2012.8886607278384
2012.8900581549788
2012.8916533849424
2012.892908507893
2012.8946560033394
2012.895926779751
2012.8982985162415
2012.9002452375532
2012.901331967213
2012.9032829576502
2012.9061057984213
2012.907390805252
2012.9089993169398
2012.9116812765635
2012.9131232923498
2012.9146042046145
2012.917246319065
2012.9200250455374
2012.9228047207043
2012.925590562386
2012.9284328513966
2012.9302097563752
2012.9312628073772
2012.932933458561
2012.9340780585915
2012.9360660481177
2012.938694880844
2012.941429967365
2012.9425864260777
2012.9442921789619
2012.9469897920462
2012.9478711293261
2012.9497737363388
2012.95078125
2012.9527047282938
2012.9538033166364
2012.9557462431694
2012.9582636042805
2012.9591477876443
2012.960957896934
2012.9619900766545
2012.9636564587129
2012.9650605267152
2012.9664878377353
2012.9691508234669
2012.97092345932
2012.972212260929
2012.9738245673952
2012.9749705904676
2012.9767308932908
2012.9796097070432
2012.9805968237704
2012.9823969717668
2012.9834993548877
2012.9853602193382
2012.9881304075593
2012.9892764306314
2012.9909338000912
2012.9937025652703
2012.996475599575
2012.9993050812081
2013.002021023592
2013.0047488584476
2013.007298325723
2013.009492960426
2013.0106140601217
2013.012293569254
2013.0150841894977
2013.0162842465754
2013.0179104832573
2013.0206849315068
2013.0235992199391
2013.0246018835617
2013.0263903158295
2013.0291671423136
2013.0299781202436
2013.0319453957381
2013.033014174277
2013.0349971461187
2013.0374082001522
2013.038354261796
2013.0400294901065
2013.0412923325723
2013.0430446156772
2013.0456007420091
2013.0476374619482
2013.0486857876713
2013.0503762366818
2013.0515325342465
2013.0532467656012
2013.0561453576865
2013.0571965372908
2013.0588903158296
2013.0599942922374
2013.0618645357686
2013.0646375570777
2013.0656768455099
2013.0674795471841
2013.0703605403348
2013.0731078767124
2013.074489630898
2013.0760920852358
2013.0786063546423
2013.0812985159816
2013.083972127093
2013.0860830479453
2013.0877011986302
2013.0889863964992
2013.091519216134
2013.0926869292236
2013.0943502663622
2013.0955612633181
2013.097222697869
2013.1001241438357
2013.102994197108
2013.1057900494673
2013.1066980593607
2013.1087000570776
2013.1111620053273
2013.1121385083713
2013.1136410768645
2013.1148749048707
2013.1163808028919
2013.1177578006088
2013.119245148402
2013.1209403538812
2013.1242927130897
2013.127088565449
2013.1283090753425
2013.1298235350075
2013.1309570015221
2013.1325404299848
2013.1337438165906
2013.1354223744293
2013.1366419330288
2013.138279585236
2013.1411367960427
2013.142183694825
2013.1438479832573
2013.1451084474886
2013.1473844178083
2013.1495229261795
2013.1506464041097
2013.1530184550988
2013.1549219939118
2013.156226217656
2013.1587200342465
2013.1600732496195
2013.16280488965
2013.1653410388128
2013.1680874238964
2013.1708961187214
2013.17238108828
2013.1738536910198
2013.1765957952816
2013.1777825342465
2013.1794159056317
2013.1805550799086
2013.1825784817352
2013.1849024923897
2013.1858932648402
2013.1874628995433
2013.1887152777779
2013.1901764649924
2013.19144358828
2013.1930032343987
2013.1945129375952
2013.195984589041
2013.198405631659
2013.2007244101978
2013.203576388889
2013.2062928082191
2013.2074457762558
2013.2090710616437
2013.2104085806698
2013.2119178082191
2013.2133043188737
2013.2147726407916
2013.21619054414
2013.217642694064
2013.2203624429224
2013.221605308219
2013.2231521118722
2013.2244706050228
2013.2262656963471
2013.2287761605785
2013.2300161719938
2013.2326198630137
2013.2339131468798
2013.2354594748858
2013.2368916476407
2013.239208999239
2013.2417793949771
2013.2445980783866
2013.2473877473365
2013.2502792047185
2013.2530484208523
2013.2540487062404
2013.255728215373
2013.2568645357687
2013.258512652207
2013.2597207952815
2013.2612514269406
2013.2625841894978
2013.263968321918
2013.2653928843226
2013.26694206621
2013.2683271499238
2013.2697569444445
2013.2722160388128
2013.2740234969558
2013.275284436834
2013.2776250951295
2013.2799971461188
2013.2815011415526
2013.2830037100457
2013.285636415525
2013.2884517694065
2013.2912238394217
2013.292642694064
2013.2940287290714
2013.2955213089801
2013.2969330289193
2013.2984898211569
2013.2998710996956
2013.3024277016743
2013.3039031582953
2013.3054052511416
2013.3077920471842
2013.3094824961947
2013.3129185692542
2013.3155122716894
2013.318259608067
2013.319232781583
2013.3210659246574
2013.3221727549467
2013.3240762937596
2013.3268041286149
2013.3277849124809
2013.3295795281583
2013.3309470129375
2013.3325304414002
2013.3350142694064
2013.3363180175038
2013.3377906202436
2013.3392950913242
2013.340601217656
2013.3421908295281
2013.3434902968036
2013.3454856354642
2013.3479537671233
2013.3490867579908
2013.3513218226788
2013.353955479452
2013.3566671423137
2013.3577444824962
2013.359465848554
2013.3622122336378
2013.3633832762557
2013.3650937024354
2013.3678177321158
2013.3706492579909
2013.373358542618
2013.3761933980213
2013.3779295091324
2013.3790800989345
2013.3810150304414
2013.382669805936
2013.3842560882802
2013.3866205289194
2013.3893992579908
2013.3920671613394
2013.3948311453578
2013.3958247716896
2013.3975732496194
2013.3986444063928
2013.4005802891934
2013.4016205289192
2013.4035492770167
2013.4061458333333
2013.4070918949772
2013.4090063736683
2013.4099191400305
2013.4116405060884
2013.414311738965
2013.4158509322679
2013.4171152016743
2013.4188536910199
2013.4200109398782
2013.4220638318113
2013.4246209094367
2013.425625475647
2013.4275304414002
2013.4287300228311
2013.4307691210045
2013.433299086758
2013.4344791666667
2013.4361329908677
2013.4388874619483
2013.4403881278538
2013.441839802131
2013.4444387366818
2013.445748192542
2013.4472636035007
2013.4499923896499
2013.4527183219177
2013.4554081050228
2013.4572536149162
2013.458417522831
2013.460115106545
2013.461376046423
2013.4633575913242
2013.4659346461187
2013.4686710426179
2013.4696699010653
2013.4715315829528
2013.4743574010654
2013.4752463850837
2013.4771356544902
2013.4782053843228
2013.4801988203958
2013.4828148782344
2013.483694349315
2013.4856953957383
2013.4867037671233
2013.4885830479452
2013.4908471270928
2013.492270738204
2013.4937067161338
2013.4958680555555
2013.4984560502282
2013.4994682267884
2013.501226217656
2013.5023768074582
2013.504105783866
2013.507033390411
2013.5080869482497
2013.5099115296803
2013.5127064307458
2013.5138503614917
2013.5155755327246
2013.5183290525115
2013.5193807077626
2013.5211001712328
2013.5238708143074
2013.526653348554
2013.5293959284627
2013.5320690639269
2013.5339973363775
2013.5353419901066
2013.5369373097412
2013.5396113964991
2013.5412048135465
2013.542789193303
2013.5452677891933
2013.5481302321157
2013.5509631849316
2013.551824105784
2013.5537247907155
2013.5547935692541
2013.5567422945205
2013.5592094748858
2013.560225932268
2013.5622003424658
2013.563148782344
2013.5657553272451
2013.5671913051751
2013.5686700913243
2013.5701726598174
2013.5729680365296
2013.5749162861491
2013.5759950532724
2013.5777858637748
2013.5788655821918
2013.5805950342465
2013.5817751141553
2013.5834427321156
2013.5847421993913
2013.586585806697
2013.5891704718417
2013.5903805175037
2013.5925623097412
2013.5948515981736
2013.596092085236
2013.5978529299848
2013.6004889649923
2013.6035107496195
2013.605898496956
2013.6077658866059
2013.6093383751902
2013.6108604452054
2013.6134118150685
2013.61506706621
2013.6163346651447
2013.618944539574
2013.6203339041097
2013.6218616818874
2013.624648021309
2013.6258100266361
2013.6276013127854
2013.630395738204
2013.633153063166
2013.6341157724505
2013.6357805365296
2013.63693445586
2013.6383680555555
2013.6396423135463
2013.6410221651447
2013.6424505327245
2013.643852739726
2013.6453595890412
2013.6470119863013
2013.649489630898
2013.6517579908675
2013.6545048515982
2013.6555950342465
2013.6571836948249
2013.6583404680366
2013.6599866818874
2013.6611953006088
2013.6628396118722
2013.6642617960426
2013.6658081240487
2013.6685055175037
2013.6698192541858
2013.6713931697109
2013.6743321917809
2013.6769782153729
2013.6783281012176
2013.680221651446
2013.6819610920852
2013.683536434551
2013.6867984208523
2013.6897127092845
2013.692595605023
2013.6956093036529
2013.6969320776257
2013.6983870814308
2013.7011620053272
2013.7021118721461
2013.7038836567733
2013.7048668188736
2013.706744672755
2013.7078400875191
2013.7102749238966
2013.711926369863
2013.7131592465753
2013.714691780822
2013.7160459474885
2013.7174771689497
2013.7189692732115
2013.7203196347032
2013.7219492009133
2013.7232781582952
2013.7258794710806
2013.7279532914763
2013.7310830479453
2013.733730974125
2013.7349267503805
2013.7364854452055
2013.7377706430746
2013.7393283866058
2013.740608828006
2013.7421775114155
2013.7434427321157
2013.7450137937594
2013.7477382990867
2013.7489188546424
2013.750474695586
2013.7520043759514
2013.7544125761035
2013.7558571156774
2013.7573663432267
2013.758916000761
2013.7611263318113
2013.7634627092846
2013.7664340753424
2013.769149067732
2013.7719572869103
2013.7748078386605
2013.7761282343988
2013.7776807458142
2013.7804575722982
2013.781519216134
2013.78313261035
2013.7842874809742
2013.7858699581432
2013.7871660958904
2013.7886210996955
2013.7900299657533
2013.7913874619483
2013.7928852739726
2013.794252758752
2013.7958713850837
2013.7972559931507
2013.7995390981735
2013.802041476408
2013.8046171042618
2013.8056521118722
2013.8074329337899
2013.8102706430745
2013.8130488964991
2013.8144910578387
2013.8158761415525
2013.81731402207
2013.8186900684932
2013.8204823059361
2013.8217560882802
2013.8242546613394
2013.8255988394217
2013.8270819063928
2013.8297369672755
2013.8312528538813
2013.8325761035007
2013.8349928652967
2013.8372055745815
2013.8402696917808
2013.8428900304414
2013.8441252853881
2013.8459103881278
2013.8485744863015
2013.8495671613393
2013.8514654680366
2013.8542242199392
2013.8553905060883
2013.8569905821919
2013.8596689497717
2013.860890410959
2013.8623820395737
2013.8638275304413
2013.8651636225266
2013.8667670281584
2013.867998002283
2013.8696846461187
2013.8708770928463
2013.873362347793
2013.875411910198
2013.876495909437
2013.8778186834095
2013.8790986491629
2013.8812623668189
2013.8826151065448
2013.8842922374429
2013.8868864155252
2013.8896670471843
2013.8924600456621
2013.8952187975647
2013.8980274923897
2013.8997250761036
2013.900850456621
2013.902551369863
2013.9037290715373
2013.905517979452
2013.908904109589
2013.9108575913242
2013.9119239916286
2013.9138855593608
2013.9167270738203
2013.9194663242008
2013.9204404490106
2013.9222564687975
2013.9235226407916
2013.925390981735
2013.9280037100457
2013.928999238965
2013.9309341704718
2013.9335155060883
2013.9344644216135
2013.936206240487
2013.9374776445966
2013.9389940068493
2013.9416999619482
2013.9433590182648
2013.9444287480974
2013.9463513127853
2013.94744815449
2013.9495357686453
2013.9523644406393
2013.9551550608828
2013.9562680745814
2013.9580717275494
2013.960723458904
2013.961982020548
2013.9635806697108
2013.9662966133942
2013.9675052321156
2013.9691224315068
2013.9718569254185
2013.9746394596652
2013.9772759703196
2013.9796104452055
2013.980656868341
2013.9830056126332
2013.9846789383562
2013.9859260844748
2013.9877026255708
2013.9905826674276
2013.9933171613395
2013.9942908105022
2013.9961406012176
2013.9989174277016
2013.9998568302892
2014.0017294520549
2014.0027525684932
2014.0048492199392
2014.0074652777778
2014.0084199010655
2014.0104884893456
2014.0126450722983
2014.01380945586
2014.015435216895
2014.0169092465753
2014.0183609208523
2014.021064497717
2014.0229375951294
2014.02400304414
2014.0258257229832
2014.0269206621006
2014.0287128995433
2014.0299196156773
2014.0322883371384
2014.034363584475
2014.0353943112634
2014.03731402207
2014.0402402016744
2014.0429485350076
2014.0440016171995
2014.0457443873668
2014.0485573630137
2014.0513203957382
2014.0540482305937
2014.056471651446
2014.0588979261795
2014.0603905060882
2014.0624671803653
2014.0641367009132
2014.0653034627094
2014.0669958143073
2014.0684132420092
2014.0700019025876
2014.0727796803653
2014.075573630137
2014.0784474885845
2014.0812685502283
2014.0842480022832
2014.0862728310503
2014.0873530251142
2014.0889583333333
2014.090269216134
2014.091772260274
2014.093220605023
2014.0946527777778
2014.0964093417047
2014.0977582762557
2014.0998682458144
2014.1024833523593
2014.1034936263318
2014.1052520928463
2014.106455955099
2014.1080560312025
2014.1091880707763
2014.1108766171994
2014.1120819063926
2014.1138517884322
2014.116776065449
2014.1200256849315
2014.1223473173516
2014.1234313165905
2014.1253262937596
2014.1279271308981
2014.1306549657534
2014.1328172564688
2014.1354808789954
2014.138133085997
2014.1398401826484
2014.1411244292237
2014.1435183599694
2014.1447559931507
2014.1463622526637
2014.1477715943684
2014.1493493150685
2014.152072869102
2014.153081716134
2014.1549790715374
2014.1578258181125
2014.16024543379
2014.1612157534246
2014.1627677891934
2014.1640391933029
2014.1655117960427
2014.1669254185692
2014.1683204908675
2014.1698530251142
2014.1712509512938
2014.1739469178083
2014.1761220509893
2014.1790886605784
2014.1818179223744
2014.1828824200913
2014.1845395738203
2014.1857053843228
2014.1873625380517
2014.1885749619482
2014.1902126141551
2014.191542522831
2014.1931150114156
2014.1958766171995
2014.1970700152208
2014.1987766362254
2014.201772260274
2014.2040767694064
2014.205463280061
2014.208342370624
2014.2098035578388
2014.2118031773211
2014.2145419520548
2014.2172916666666
2014.2200875190258
2014.222856259513
2014.225716324201
2014.2270286339422
2014.2285273972602
2014.2298944063928
2014.2315648782344
2014.2341286149162
2014.2351526826485
2014.236693778539
2014.2379423515981
2014.2393502663622
2014.2407272640792
2014.2421128234398
2014.243654394977
2014.2450142694063
2014.2469720319634
2014.249631373668
2014.2506839802131
2014.252828196347
2014.255588850837
2014.258306697108
2014.2596694254187
2014.2611144406392
2014.2626845509894
2014.2640039954338
2014.266732305936
2014.2679946727549
2014.2695181697109
2014.2708918378996
2014.2725137937596
2014.2739217085236
2014.2764745053273
2014.2779946727549
2014.2793983066972
2014.2821889269405
2014.2836848363775
2014.285672089041
2014.2882558028919
2014.2910117009133
2014.2937433409436
2014.296550608828
2014.2993811834094
2014.300581716134
2014.302349219939
2014.3049833523592
2014.3077616057838
2014.3092175608829
2014.3105013318113
2014.3118702435313
2014.3132448630138
2014.3147098554034
2014.3159998097412
2014.3175266362252
2014.3187885273974
2014.3206911149164
2014.3236329908675
2014.3246014079148
2014.3268364726027
2014.3293973554034
2014.3320785768644
2014.333081240487
2014.3348634893455
2014.3364264649924
2014.3378614916287
2014.3404613774733
2014.3432420091324
2014.3448344748858
2014.346103976408
2014.34769358828
2014.3489963850836
2014.3516171993913
2014.3531835045662
2014.3545933219177
2014.3571456430745
2014.359509608067
2014.3620657343988
2014.3648482686453
2014.3675347222222
2014.3703767123288
2014.3731792237443
2014.374276065449
2014.3760687785389
2014.3787999429223
2014.3796760844748
2014.381534436834
2014.382607020548
2014.3843569254186
2014.386962519026
2014.3886249048705
2014.389790239726
2014.3914569063927
2014.3926065449011
2014.3943578767123
2014.3955764840182
2014.397942827245
2014.3999429223745
2014.40101217656
2014.4030959855404
2014.4060388127855
2014.4087652207002
2014.4097369672754
2014.4115292047184
2014.4127178462709
2014.414355498478
2014.4171304223744
2014.4198596841704
2014.4226084474885
2014.4253895547945
2014.4271427891933
2014.4282924277018
2014.430090848554
2014.4312985159818
2014.4336168188736
2014.4356035958904
2014.4385530821917
2014.441357020548
2014.4441871194824
2014.446946347032
2014.4498601598173
2014.450965087519
2014.4527611301369
2014.4554680365297
2014.4563574961949
2014.4582591324202
2014.4596694254185
2014.4617346841706
2014.463485064688
2014.4649115296804
2014.4663242009133
2014.469141457382
2014.4706987252664
2014.4719130517503
2014.473860825723
2014.4749096270928
2014.476776065449
2014.4797559931508
2014.4826759893456
2014.4854290334856
2014.486494958143
2014.4882125190259
2014.491317541857
2014.4936938736682
2014.4947683599696
2014.496511130137
2014.4992541856925
2014.5020176940639
2014.504683694825
2014.506475932268
2014.507694063927
2014.5094406392693
2014.5123625380518
2014.515201674277
2014.517950913242
2014.5207957572297
2014.5217494292237
2014.523583999239
2014.5264064878234
2014.5273896499239
2014.5293440829528
2014.5320952245054
2014.533136891172
2014.5352240296804
2014.5371779870625
2014.5383847031962
2014.5400418569254
2014.5413750951293
2014.542875761035
2014.5456126331812
2014.5474862062406
2014.5485616438357
2014.5504414003044
2014.5515596461187
2014.5533999238964
2014.5562747336378
2014.5574020167428
2014.5597136605784
2014.5618626331811
2014.562843892694
2014.5647322108066
2014.5660445205478
2014.5678562595128
2014.5703491248098
2014.5715548896499
2014.5732424847793
2014.5759346461186
2014.5786762747337
2014.5813993531203
2014.5833043188736
2014.5846770357687
2014.5864179033485
2014.5888085045663
2014.5900109398783
2014.591605783866
2014.5944729832572
2014.5973634893455
2014.600221651446
2014.6030032343988
2014.6058304794522
2014.6068588280061
2014.609003519787
2014.610873763318
2014.6119967656011
2014.6135735350076
2014.6148872716894
2014.6165025684932
2014.617851978691
2014.619287956621
2014.6209941019788
2014.6225166476409
2014.6250608828007
2014.6270191210047
2014.6282129946728
2014.6298706240486
2014.6310174086757
2014.6326954908675
2014.6340182648403
2014.6358304794521
2014.6383680555555
2014.639482020548
2014.6415800989346
2014.6440972222222
2014.64520119863
2014.6475266362252
2014.6496684741248
2014.6526127283105
2014.6546974885846
2014.6564687975647
2014.6582543759514
2014.6599267503805
2014.6627078576864
2014.6644572869102
2014.6664098173517
2014.6682063356163
2014.6710502283106
2014.6725656392694
2014.6738127853882
2014.6767004375952
2014.6796137747335
2014.6823587328768
2014.6835197869102
2014.685558409437
2014.6873154490106
2014.6885587899544
2014.6900975076103
2014.6914854452054
2014.69305793379
2014.6943545471843
2014.6957838660578
2014.6975332952816
2014.6988698630137
2014.701344178082
2014.7035901826484
2014.704623763318
2014.7064388318113
2014.7078029870625
2014.7093169710806
2014.7120562214611
2014.7131635273972
2014.7148430365296
2014.7160906582953
2014.7177582762556
2014.7205555555556
2014.7218887937595
2014.7244016362254
2014.726012652207
2014.7278058409436
2014.729983352359
2014.7314892503805
2014.7340839041096
2014.7366205289193
2014.7392451484018
2014.7419173325723
2014.7446270928463
2014.747484303653
2014.749110064688
2014.750438546423
2014.7531107305936
2014.7543421803653
2014.7559479642314
2014.7571875
2014.7595438546423
2014.7611848363774
2014.7624419710808
2014.7639511986301
2014.7653933599695
2014.7667589421612
2014.7682686453577
2014.7696080669712
2014.7713822298326
2014.7726802701675
2014.7749914383562
2014.7773168759513
2014.7801845509894
2014.7813275304413
2014.782966609589
2014.7858547374428
2014.787404870624
2014.788770452816
2014.7913613013698
2014.7926336567732
2014.7941542998478
2014.7955351027397
2014.797037195586
2014.799687024353
2014.8011168188737
2014.8025699200914
2014.805138413242
2014.8067870053274
2014.8081254756469
2014.8104161910198
2014.8130398592086
2014.8157030060884
2014.8183770928463
2014.8211895928462
2014.8239849695585
2014.8268226788432
2014.8296113964993
2014.8324795471842
2014.8337985159817
2014.8352287861492
2014.836641457382
2014.8382748287672
2014.8404447298326
2014.8420029490107
2014.8432548515982
2014.8449262747336
2014.8461111111112
2014.8480336757991
2014.849276065449
2014.8514645167427
2014.8539302701674
2014.8549058219178
2014.8567741628615
2014.859497716895
2014.8606031202435
2014.8623164003045
2014.865087043379
2014.8665843797564
2014.8679452054794
2014.8706754185694
2014.8722136605784
2014.8735212138508
2014.8752226027398
2014.876626236682
2014.878947393455
2014.880700627854
2014.882163242009
2014.8842408675798
2014.8868445585997
2014.8894867770168
2014.8921737062406
2014.894972412481
2014.8977815829528
2014.9006925418569
2014.9034156202435
2014.9062832952816
2014.9089264649924
2014.9104323630138
2014.9118459855404
2014.9142851027398
2014.9159598554033
2014.9171613394217
2014.9189806887366
2014.9200965563166
2014.9225642123288
2014.9245842846271
2014.9255679223745
2014.9278510273973
2014.9306121575341
2014.9333747146118
2014.9344316019788
2014.936202435312
2014.9373130707763
2014.9390482305937
2014.9416999619482
2014.9445029490107
2014.9472288812785
2014.949976693303
2014.9517032914764
2014.9528809931508
2014.954616628615
2014.955841894977
2014.9583632990868
2014.960142218417
2014.9615234969558
2014.9633618721462
2014.966032629376
2014.96880184551
2014.9715739155251
2014.9743783295282
2014.9771646689499
2014.9783870814308
2014.980209760274
2014.9827996575343
2014.9837304984778
2014.9856345129376
2014.9882363013699
2014.9895367199392
2014.9910112252664
2014.9936453576865
2014.9955208333333
2014.9965753424658
2014.9985193112634
2014.9996618150685
2015.0019986681887
2015.0042113774734
2015.0052402016743
2015.0073901255707
2015.010062785388
2015.0128505517505
2015.0138655821918
2015.0156297564688
2015.0183652016742
2015.0193983066972
2015.0211724695587
2015.023892694064
2015.0266823630136
2015.0290120814307
2015.0314383561645
2015.0326569634703
2015.0343887937595
2015.036875
2015.0380450913242
2015.0397217465754
2015.0425656392695
2015.0453909817352
2015.0482795852358
2015.0510150304415
2015.0538422754946
2015.0566309931507
2015.0577321156773
2015.0596746575343
2015.0617437214612
2015.0629014459664
2015.0644882039574
2015.0658799467276
2015.0674277016742
2015.0701231925418
2015.0721147260274
2015.0732324961948
2015.0751607686454
2015.0762133751903
2015.0781801750381
2015.0807971841705
2015.0817537100456
2015.0835916095891
2015.0847284056317
2015.0871494482496
2015.0892166095891
2015.0903191590562
2015.0926036910198
2015.095
2015.097903348554
2015.1006226217655
2015.1032814878236
2015.105716324201
2015.108066019787
2015.1094563356164
2015.1109146689498
2015.1134512937595
2015.114652302131
2015.1162404870624
2015.1175727739726
2015.1191238584474
2015.1219087709285
2015.1247797754947
2015.1276531582953
2015.1304751712328
2015.1332800608827
2015.135529394977
2015.136566780822
2015.1382068112632
2015.1394796423135
2015.1409498668188
2015.1423829908676
2015.143813736682
2015.1454380707762
2015.1468212519026
2015.149411149163
2015.1516557267885
2015.1528828957382
2015.1545348173515
2015.1557496194825
2015.1575375761036
2015.1601089231356
2015.16119054414
2015.1629133371384
2015.1641290905632
2015.1666780821918
2015.1684665144596
2015.1696694254185
2015.1716914003043
2015.1744434931506
2015.1771375570777
2015.1798316210045
2015.181863108828
2015.1837376331812
2015.1866942541858
2015.1896542047184
2015.191365106545
2015.192792522831
2015.1955731544901
2015.196890696347
2015.1983642503806
2015.1998449391172
2015.2013617770167
2015.2040834284628
2015.207017694064
2015.2096456430745
2015.2105455669712
2015.2122850076103
2015.213505041857
2015.214976217656
2015.2163460806696
2015.218173040335
2015.2202658866058
2015.2219639459665
2015.2232148972603
2015.225929414003
2015.2281021689498
2015.2291229071536
2015.231008371385
2015.2338498858448
2015.2350266362253
2015.2366200532724
2015.2379066780823
2015.2394872526636
2015.2408447488585
2015.242405346271
2015.245027587519
2015.2461715182649
2015.2478034627093
2015.2498045091324
2015.2518217275494
2015.2533680555555
2015.2560040905632
2015.258512652207
2015.2610430936072
2015.2637709284627
2015.2664626141552
2015.2692028158294
2015.2720186453578
2015.2747911910199
2015.2779261796043
2015.2805236872146
2015.281772260274
2015.2833333333333
2015.2861891171995
2015.287863869863
2015.289818302892
2015.2911895928462
2015.2926555365298
2015.2940025684932
2015.2956754185693
2015.2968887937595
2015.2988417998479
2015.3000323439878
2015.3022697869103
2015.3047303082192
2015.305732020548
2015.3075661149162
2015.308947869102
2015.3106649543379
2015.3131321347032
2015.3145904680366
2015.315996480213
2015.3188004185693
2015.3201797945205
2015.3214849695587
2015.3231135844749
2015.3262309741249
2015.3286329908676
2015.3299219939117
2015.332341609589
2015.3343640601217
2015.337607020548
2015.340249238965
2015.3429951484018
2015.3457500951295
2015.3486001712329
2015.3513917427701
2015.3542113774733
2015.3569044901064
2015.35969511035
2015.3615401445966
2015.363200627854
2015.3649462519027
2015.3666837899543
2015.3678738584474
2015.3695814307457
2015.3707106164384
2015.3732900494672
2015.375811453577
2015.378536910198
2015.379422089041
2015.3813303843226
2015.3823525494672
2015.3842518074582
2015.3869472983258
2015.3879385464231
2015.3897136605783
2015.3925447108068
2015.3952673135464
2015.3968535958904
2015.3981492579908
2015.399908675799
2015.4011658105023
2015.403544044901
2015.4053248668188
2015.4067137557079
2015.408947393455
2015.4111605783867
2015.4140948439879
2015.416843607306
2015.4195733447489
2015.4223720509895
2015.4236130136987
2015.4253500761035
2015.4279980022832
2015.4291704718416
2015.4309403538812
2015.4335673515982
2015.436277587519
2015.4389464421613
2015.4413470319635
2015.4435017123287
2015.4445305365298
2015.4464321727548
2015.447583238204
2015.449885844749
2015.4522707382039
2015.4532462899544
2015.455344368341
2015.4580198820395
2015.4590368150684
2015.4609122907154
2015.462052416286
2015.4637994672755
2015.4663760464232
2015.4675442351597
2015.469209474886
2015.4718935502283
2015.4746622907153
2015.476404109589
2015.4776098744292
2015.4802316400305
2015.482005802892
2015.4831792237444
2015.485023782344
2015.4878985920852
2015.4907134703196
2015.4933946917808
2015.4945709665144
2015.4963513127855
2015.499026350837
2015.501811738965
2015.5028795662101
2015.5047888127854
2015.5206445015222
2015.5287780631659
2015.5297655060883
2015.5347169901065
2015.537531868341
2015.5385816210046
2015.540411434551
2015.556977739726
2015.558773306697
2015.561586282344
2015.5629504375952
2015.5671018835617
2015.6033095509893
2015.6352744482497
2015.6523007039573
2015.6550699200914
2015.6601602929984
2015.6611853120244
2015.6669924847793
2015.670181697108
2015.6715125570777
2015.6819734589042
2015.702215087519
2015.703994958143
2015.7116899733637
2015.714572393455
2015.7174533866057
2015.7201669520548
2015.7231278538814
2015.7257734018265
2015.7270819063926
2015.7286957762558
2015.7315158866058
2015.7341923515983
2015.7353691019787
2015.7377620814307
2015.7393079337899
2015.7406896879756
2015.7420976027397
2015.7435973173515
2015.7449633751903
2015.7466709474886
2015.7479523401826
2015.7504694634704
2015.7529095319635
2015.7556387937595
2015.7569097222222
2015.7584598554033
2015.761213850837
2015.762365391933
2015.7640201674276
2015.7653643455099
2015.766930650685
2015.7695990296804
2015.77086282344
2015.7723991628616
2015.773983542618
2015.7765334855403
2015.7780160768646
2015.780585045662
2015.7833047945205
2015.785866152968
2015.7884122907153
2015.7911529680366
2015.793912195586
2015.7966595319635
2015.7994453957383
2015.8022550418568
2015.8051450722983
2015.8069335045661
2015.808334284627
2015.810569824962
2015.8119268455098
2015.8133014649925
2015.8149115296803
2015.817433409437
2015.818611111111
2015.8202891933029
2015.8214844939116
2015.8241091133941
2015.8268445585998
2015.8293507420092
2015.8303101217657
2015.8322046232877
2015.8334251331812
2015.8350765791477
2015.8376374619484
2015.8389806887367
2015.8405517503804
2015.842005327245
2015.8435145547944
2015.8461206240488
2015.8475266362252
2015.8489288432268
2015.8504999048707
2015.8533043188736
2015.8547498097412
2015.8570039003043
2015.8592698820396
2015.8621570585997
2015.8648501712328
2015.867622241248
2015.8704218987823
2015.873232020548
2015.8760359589041
2015.8788189687975
2015.8816281392694
2015.8843897450533
2015.8871171042617
2015.8888598744293
2015.8918745243532
2015.894323630137
2015.8952663622526
2015.8972445776255
2015.8982448630136
2015.90055793379
2015.9032291666667
2015.9060507039574
2015.9069677511416
2015.9089302701675
2015.9116091133942
2015.912733542618
2015.9144059170471
2015.9171218607305
2015.9185421423135
2015.9199548135464
2015.9226717085237
2015.9242156582952
2015.9255160768646
2015.9272702625572
2015.9302592275494
2015.9333694824961
2015.9356706621004
2015.936752758752
2015.9387385844748
2015.941444539574
2015.9442380136986
2015.947024828767
2015.949810216895
2015.9526588660578
2015.955561263318
2015.9582253614917
2015.9609831621005
2015.963667237443
2015.965427130898
2015.96661434551
2015.968940258752
2015.9710373858447
2015.9721313736682
2015.9742822488583
2015.9769682267884
2015.9779437785387
2015.9800466133943
2015.9826474505328
2015.9855056126332
2015.9864878234398
2015.9883485540336
2015.9910292998477
2015.992064783105
2015.9938303843228
2015.9964982876713
2015.999287480974
2016.001081986187
2016.002215201882
2016.0048307528841
2016.0065654409532
2016.0077527322405
2016.0095272654828
2016.0124838721918
2016.0152085230723
2016.018081644657
2016.0208304872494
2016.0236068419854
2016.026382722374
2016.0291884866424
2016.0304146744081
2016.032215771099
2016.0348251555858
2016.0374407065876
2016.0387769429265
2016.0404433249848
2016.0426063486643
2016.0454087925016
2016.0476500834852
2016.0486481102005
2016.050658868397
2016.0533801988463
2016.0543507134184
2016.056517057529
2016.0591933249848
2016.061995768822
2016.0648684160594
2016.0674270453856
2016.0683487021859
2016.070231386612
2016.0729963570127
2016.07586900425
2016.0785130160898
2016.0802277815726
2016.081360048573
2016.08316541439
2016.0845998406194
2016.0868819254706
2016.0886066522464
2016.0897588418336
2016.0914797738312
2016.0942779485429
2016.095408318154
2016.09725068306
2016.100054075592
2016.1028446607468
2016.1056143746205
2016.1084756375228
2016.1106158925318
2016.1116983530662
2016.1133206208258
2016.114675356709
2016.116167653309
2016.1177353711294
2016.1212806428355
2016.124139059654
2016.1268973891924
2016.1278304303278
2016.1295959509714
2016.130662758045
2016.1326621319065
2016.1352700933514
2016.13629563221
2016.1381451123254
2016.1408801988464
2016.1420390292958
2016.1443794588647
2016.1463100523679
2016.1475471501215
2016.1500332043108
2016.152103730267
2016.154863957195
2016.1566835534304
2016.1583461407104
2016.1599290376441
2016.1621632134184
2016.1635815118398
2016.165122191864
2016.1677785367335
2016.1690962735277
2016.170675375683
2016.173459794323
2016.1762906989982
2016.1792093579236
2016.1820113274134
2016.1845253680935
2016.1856206360048
2016.1871442395263
2016.1884377846084
2016.1899077868852
2016.1923914693382
2016.1939468541286
2016.1952456170309
2016.1979484479357
2016.2004857316333
2016.203164845173
2016.2046500265635
2016.2067907559199
2016.208647825592
2016.2097725030358
2016.2114649741955
2016.2127034949908
2016.2143879022465
2016.2157416894354
2016.2181570658774
2016.219806371433
2016.2211345438677
2016.2228777701882
2016.2253733113237
2016.2268120066788
2016.229598322708
2016.2330454045234
2016.2357126593806
2016.2384828476017
2016.2412402284456
2016.2431950136613
2016.2445587621432
2016.2468645643594
2016.2485001138434
2016.2498002997875
2016.2525477193383
2016.2540675280814
2016.255573580753
2016.2580672244992
2016.2593010018215
2016.2617002504553
2016.263154124924
2016.2646691901944
2016.266024400425
2016.267617258652
2016.269154143898
2016.2714319596237
2016.2736945962356
2016.2746983151185
2016.2770026942926
2016.2795148375835
2016.2806499506678
2016.2823618700668
2016.2850376631754
2016.2862695431086
2016.2878239792046
2016.2891497799028
2016.2907407407408
2016.2934141621129
2016.2947560906193
2016.2962066446569
2016.297648186096
2016.3003415300545
2016.3017356367639
2016.3043715846995
2016.3069937765636
2016.3093716795688
2016.3121067660898
2016.3148314169703
2016.3175845286885
2016.320380806011
2016.3231566863994
2016.3259463228596
2016.3286790376442
2016.3314074833029
2016.333124620522
2016.3345775462963
2016.3368359137826
2016.338413118549
2016.339648318913
2016.3414228521553
2016.3440630692166
2016.345091454159
2016.3470040224652
2016.348152417274
2016.350509448998
2016.3531434995446
2016.355850599575
2016.3567328855495
2016.3586677481785
2016.3597701312992
2016.3614554872495
2016.3641497799028
2016.3653309046751
2016.3669636080754
2016.3685711710687
2016.369956265179
2016.3724342554644
2016.3740109858834
2016.375308800091
2016.3770292577412
2016.3799175584395
2016.383084775349
2016.3857235693686
2016.388458181542
2016.3911951654522
2016.3939833788706
2016.3968152322404
2016.399532293564
2016.4023522882514
2016.4051115664845
2016.4077342326957
2016.4105504326046
2016.4132267000607
2016.4149172738312
2016.4160457460534
2016.418557414997
2016.4210306618093
2016.4238890786278
2016.4265691408623
2016.4274741955069
2016.4294953893443
2016.43241926609
2016.4350186892837
2016.4358725144202
2016.4377623140558
2016.438755597298
2016.440596539162
2016.4418649438373
2016.443398508652
2016.446020700516
2016.4476220969946
2016.4489237059806
2016.4515966530055
2016.453344622799
2016.4545708105647
2016.4563666894353
2016.459199965847
2016.4621489829995
2016.4649049408015
2016.4676461938373
2016.4704102155433
2016.4733397844566
2016.475948220249
2016.4772223170917
2016.4788725713418
2016.4814881223438
2016.4842644770795
2016.4869497571342
2016.4896620749848
2016.4915243624773
2016.4927344224348
2016.494959111263
2016.497320412113
2016.4982861832118
2016.5003861187006
2016.5031065004553
2016.50585676609
2016.506918355343
2016.5115176267457
2016.5123818875227
2016.5143101092897
2016.5153052899211
2016.5173056124772
2016.522535291439
2016.5252087128113
2016.5269837204007
2016.5281833447177
2016.5354275766545
2016.544092004402
2016.5468427443836
2016.614643101093
2016.615744535519
2016.6315957991803
2016.6342151449605
2016.658533507893
2016.6734768708257
2016.6853801419247
2016.690978388737
2016.693816882969
2016.6965970324834
2016.6994839101396
2016.7023157635094
2016.7036330259564
2016.7054630578325
2016.7073822670006
2016.7085354052824
2016.710129212204
2016.711511934578
2016.7130787037038
2016.715529656193
2016.7171576161202
2016.718416059502
2016.7211184160594
2016.7238762712507
2016.7262774172739
2016.727294417881
2016.729125872799
2016.7303568040377
2016.7320511725866
2016.7347146326654
2016.7358027853672
2016.7374829234973
2016.7387413668791
2016.740333750759
2016.7429981595326
2016.7442959737402
2016.7458357050698
2016.748576009411
2016.7501029333637
2016.7529784266849
2016.7561556048877
2016.758949984821
2016.7616722639648
2016.7644789769276
2016.7659764913478
2016.7673392911354
2016.7700781724348
2016.7714518822102
2016.7729256792654
2016.775639894505
2016.7769495673954
2016.7784978369764
2016.7812846273528
2016.7839144087736
2016.7851472374014
2016.7865370749848
2016.7891142038554
2016.790674332119
2016.7919242372495
2016.7945929151488
2016.7969124734366
2016.800046011688
2016.8026534987857
2016.8036259107469
2016.8054587887068
2016.8066745408319
2016.8083314359442
2016.8110318951124
2016.8122011612022
2016.8137892759562
2016.8151160253492
2016.8166358340923
2016.8180546068609
2016.8206981443534
2016.8221164427748
2016.8236694558288
2016.8274229659987
2016.8294289807225
2016.8309340846995
2016.8327508348511
2016.8352126973284
2016.837994744232
2016.840754022465
2016.8435740171524
2016.8463461027627
2016.8491755843959
2016.8519244269885
2016.8535813221008
2016.854849726776
2016.8575406989983
2016.8590415338494
2016.862140444748
2016.8644139913479
2016.8655068875228
2016.86730513813
2016.8684592251063
2016.8708461407105
2016.8735005881906
2016.8762944937766
2016.8791979735884
2016.8818282293564
2016.8828015900121
2016.8846164427748
2016.8857164541591
2016.8873738236186
2016.8887532255617
2016.890247893898
2016.892870085762
2016.8943476775955
2016.8956967213114
2016.8973725903156
2016.9011109213723
2016.9028166742562
2016.9039959016393
2016.9065853635398
2016.9088105267153
2016.911663251366
2016.9143822100789
2016.917168526108
2016.9199553164844
2016.92275633728
2016.9255322176684
2016.9283247002124
2016.9310725941104
2016.9337498102611
2016.935892911354
2016.9391123064663
2016.941105513813
2016.9421467061325
2016.9443742410442
2016.9470296372192
2016.9497893897997
2016.9509757323922
2016.9528375455372
2016.9554772882514
2016.956587260929
2016.9584860731634
2016.9610418564055
2016.9619725258044
2016.9637978142077
2016.966531952034
2016.9678046258348
2016.969323011536
2016.9719859972677
2016.973623444141
2016.975006166515
2016.9766806124771
2016.9781866651488
2016.9802434350333
2016.9822997305707
2016.9854380122952
2016.9881360997267
2016.990863596691
2016.9936295157863
2016.9964115626897
2016.9991974043717
2017.0019701293759
2017.0047888127854
2017.0074733637748
2017.0103153538812
2017.0126788432267
2017.0153277207
2017.0178505517504
2017.020703957382
2017.0233965943683
2017.0263560692542
2017.0291167237442
2017.030150780061
2017.0320600266361
2017.0348007039574
2017.0358561643836
2017.0378691019787
2017.0403367579909
2017.0413384703197
2017.0431321347032
2017.0457748287672
2017.0485587899543
2017.0502592275495
2017.0516262366818
2017.0533066971082
2017.0561158675798
2017.0574338850838
2017.0597260273973
2017.0615962709285
2017.0628467465754
2017.0646308980213
2017.0674781202435
2017.0702696917808
2017.0730279680365
2017.0758594939118
2017.0786035007611
2017.08144358828
2017.08413717656
2017.086736586758
2017.088960235921
2017.090680175038
2017.0924124809742
2017.0942865296804
2017.0972212709285
2017.0999652777778
2017.100973173516
2017.1029361681888
2017.1057386796042
2017.1085901826484
2017.1113789003043
2017.1125975076104
2017.114564783105
2017.116625761035
2017.1177349695586
2017.1199957191782
2017.1222678843226
2017.1236648592085
2017.1256445015222
2017.1282924277016
2017.1300142694065
2017.132555650685
2017.1338750951293
2017.1353938356165
2017.1369040144596
2017.1393545471842
2017.1409765030442
2017.14242532344
2017.1447050989345
2017.146669044901
2017.1498282914763
2017.1525004756468
2017.1553267694064
2017.1576236681888
2017.159035388128
2017.1612124238966
2017.1627696917808
2017.1642713089802
2017.1657267884323
2017.1683095509893
2017.171032629376
2017.173647260274
2017.1764787861491
2017.17788717656
2017.1800371004567
2017.1820581240488
2017.1831116818873
2017.1856383181125
2017.1875375761035
2017.1886891171994
2017.1904475837139
2017.1917851027397
2017.1942151826483
2017.1958290525115
2017.1972854832572
2017.2000418569255
2017.2038222983258
2017.2065163622526
2017.209090563166
2017.2106854071537
2017.212029585236
2017.214731259513
2017.216056887367
2017.2175613584475
2017.220395262557
2017.221740391933
2017.2233095509894
2017.2260468987824
2017.2290525114156
2017.2316034056316
2017.2339987633181
2017.2353172564688
2017.2367337328767
2017.238409436834
2017.2410625951293
2017.2422336377474
2017.244837804414
2017.2474862062404
2017.2501731354641
2017.2529941971081
2017.2558014649924
2017.256835521309
2017.258535958904
2017.2597184170472
2017.2614426369862
2017.2627701674278
2017.265300608828
2017.2668493150684
2017.268200152207
2017.2697578957382
2017.2712804414002
2017.2738108828007
2017.2753729071537
2017.2777192732115
2017.2803871765602
2017.2828900304414
2017.2856040715374
2017.2884118150685
2017.2911924467276
2017.2940063736683
2017.296527302131
2017.2995814307458
2017.30111586758
2017.3025656392695
2017.305241152968
2017.3067427701674
2017.3092194634703
2017.3107301179605
2017.312724980974
2017.3149348363775
2017.3159360730594
2017.3185773401826
2017.3212357305936
2017.323940258752
2017.3268935502283
2017.3295838089803
2017.3304537671233
2017.3323563546423
2017.3350941780823
2017.3362609398782
2017.337879090563
2017.3393136415525
2017.3409241818874
2017.3424614726027
2017.344838280061
2017.3461529680364
2017.347713565449
2017.349359303653
2017.3515929414002
2017.353734303653
2017.3568531202436
2017.3594335045661
2017.3622160388127
2017.3649847793
2017.367804414003
2017.3705959855404
2017.3733851788431
2017.3761339421612
2017.3789202815829
2017.3815938926941
2017.383840848554
2017.385960806697
2017.387178938356
2017.3896765601219
2017.391617675038
2017.3926217656012
2017.3950841894978
2017.3976878805174
2017.4004808789955
2017.4016928272451
2017.4036191971081
2017.4061957762558
2017.4070914193303
2017.4090049467275
2017.4116994863014
2017.4127430555557
2017.4144544330288
2017.4160121765601
2017.4174024923896
2017.4199338850838
2017.4215296803652
2017.4228343797565
2017.4254723173517
2017.4272788242008
2017.4289707001521
2017.430842846271
2017.433369958143
2017.4360801940638
2017.438829433029
2017.4416352739727
2017.4444230403349
2017.4472602739727
2017.449968131659
2017.4527511415524
2017.455597412481
2017.458302891933
2017.460767218417
2017.4633927891932
2017.4662252663622
2017.4682015791477
2017.4692270738203
2017.4714331240486
2017.5267594178083
2017.5481050228311
2017.5509508181126
2017.5521465943684
2017.5539935312024
2017.5566091133942
2017.5625770547945
2017.564873002283
2017.5659075342467
2017.567986586758
2017.5704023972603
2017.5788593987822
2017.5949300799086
2017.5977230783867
2017.6164407343988
2017.6217256468797
2017.6229252283106
2017.6246175799088
2017.6273473173517
2017.628342846271
2017.6360811453576
2017.6410901826484
2017.645142218417
2017.6658875570777
2017.6684465372907
2017.669698915525
2017.6953572108066
2017.6982372526636
2017.70107163242
2017.703821822679
2017.7066914003044
2017.7078072678844
2017.7102563736682
2017.7122012937596
2017.7133908866058
2017.7176736111112
2017.7205113203956
2017.7261058789954
2017.7287423896498
2017.731206716134
2017.733682458143
2017.7351479261797
2017.736958238204
2017.7393364726026
2017.740704433029
2017.742198915525
2017.7449776445967
2017.7477668378995
2017.7490082762556
2017.7507063356165
2017.7533575913242
2017.7563070776255
2017.7586444063927
2017.7600575532724
2017.761633847032
2017.7639540525115
2017.7657025304413
2017.7669943873668
2017.7693878424657
2017.7720500380517
2017.774810216895
2017.7775680175039
2017.7804285578386
2017.781677606545
2017.783219653729
2017.7845043759512
2017.7861591514459
2017.7887238394217
2017.789964802131
2017.7915106544901
2017.7930465182649
2017.7955850456622
2017.7969905821917
2017.7985159817351
2017.7999628995433
2017.8023592085235
2017.8051179604263
2017.8074419710806
2017.8102478120243
2017.813033675799
2017.815826674277
2017.8186486872146
2017.8204371194824
2017.821804128615
2017.8242636986301
2017.8259755517504
2017.8272593226789
2017.8298297184172
2017.8313441780822
2017.834050608828
2017.8354266552512
2017.8377506659056
2017.8394434931506
2017.8408005136987
2017.8431782724506
2017.8458152587518
2017.8485136035008
2017.8514459665143
2017.854130041857
2017.8552444824961
2017.856989630898
2017.8597488584476
2017.8608561643834
2017.8625147450532
2017.8638004185693
2017.8653524543379
2017.8679842085237
2017.8694396879757
2017.87082619863
2017.872444824962
2017.8754485350075
2017.8768697678843
2017.8789088660578
2017.8813698630138
2017.8840601217655
2017.886863108828
2017.889640410959
2017.8924804984779
2017.895222127093
2017.8980127473365
2017.900782914764
2017.9035697298325
2017.9056207191782
2017.9088903158295
2017.910791476408
2017.911914478691
2017.9142927130897
2017.9166309931506
2017.9195557458143
2017.922286910198
2017.9250846651446
2017.9282386796042
2017.9308038432268
2017.9317351598174
2017.9336929223743
2017.936321347032
2017.9374039193303
2017.9392451484018
2017.9405807648402
2017.9420376712328
2017.9446817922374
2017.9462799657533
2017.9474167617961
2017.9494720319635
2017.9520229261796
2017.9533480783866
2017.9555098934552
2017.957868150685
2017.96075913242
2017.9634593797564
2017.9662590372907
2017.9690772450533
2017.9718359969559
2017.9720871385084
2017.974616152968
2017.977357305936
2017.9803148782344
2017.9829180936074
2017.9847079528158
2017.986115391933
2017.9883395167428
2017.9904675608827
2017.9933594939116
2017.9961044520549
2017.9989140981736
2018.001728976408
2018.0026160578386
2018.0048121194825
2018.0074257990868
2018.0084113394216
2018.0105236872146
2018.0129975266361
2018.0139973363775
2018.01581097793
2018.0184156202436
2018.019758371385
2018.021384608067
2018.023919805936
2018.0257091894978
2018.0269178082192
2018.0293326674278
2018.0315120814307
2018.0326526826484
2018.0350489916286
2018.0372759703196
2018.040213565449
2018.042959474886
2018.0457030060884
2018.04850456621
2018.0512994672754
2018.0539435882802
2018.0568450342466
2018.0595100837138
2018.0614421613395
2018.062789193303
2018.0651593417047
2018.067127568493
2018.0698325722983
2018.0726640981736
2018.0754718417047
2018.078421328006
2018.0812128995433
2018.084026826484
2018.0870942732115
2018.089525304414
2018.0904823059361
2018.0930070395739
2018.0947769216134
2018.0960768645357
2018.0976550608827
2018.1004561453576
2018.1024077245054
2018.103603500761
2018.1061501141553
2018.1081521118722
2018.1092342085235
2018.1109241818874
2018.113801369863
2018.1169040144596
2018.1195467085236
2018.122464326484
2018.1251945395738
2018.1279518645358
2018.1306992009133
2018.1331720890412
2018.1359484398783
2018.1381982496196
2018.139893455099
2018.143279109589
2018.1448910768645
2018.1464502473364
2018.149150019026
2018.1520819063926
2018.1534203767123
2018.155194063927
2018.1577635083713
2018.1607343987823
2018.163279109589
2018.164284151446
2018.1666880707762
2018.1683780441401
2018.169707477169
2018.1714088660578
2018.172780631659
2018.1757106164384
2018.1770980783865
2018.1793046042617
2018.1817456240487
2018.182986586758
2018.1846894025875
2018.187440068493
2018.1885849505327
2018.190285388128
2018.191871194825
2018.1940520357687
2018.1959089611871
2018.1991076864535
2018.2018493150686
2018.2043222031964
2018.2075014269406
2018.209383085997
2018.2107548515983
2018.2123725266363
2018.214691305175
2018.217191305175
2018.2201203386605
2018.2227939497716
2018.2255993150684
2018.228500761035
2018.2313023211568
2018.2323644406392
2018.2341248097412
2018.2352739726027
2018.2377397260275
2018.2394154299848
2018.2406858828006
2018.2423273401826
2018.2436772260273
2018.2463560692543
2018.2477592275495
2018.249319824962
2018.250980783866
2018.2531302321156
2018.255676369863
2018.25829575723
2018.2610778158296
2018.263944539574
2018.2653239155252
2018.2669173325723
2018.2683005136987
2018.2697850076104
2018.2723710996956
2018.2738066019788
2018.2755293949772
2018.278104547184
2018.2793459855404
2018.2819116248097
2018.2836172945206
2018.285901350837
2018.287622241248
2018.2912324010654
2018.2939255136987
2018.2965682077624
2018.2993569254186
2018.3022593226788
2018.3049785958904
2018.3078110730594
2018.3094587138507
2018.3115601217655
2018.3132800608828
2018.3145414764078
2018.3160920852358
2018.3175214041096
2018.3202159436835
2018.3215491818873
2018.3231701864536
2018.3266533485541
2018.3295424277017
2018.3320904680365
2018.3348592085235
2018.3376850266363
2018.3404561453576
2018.3432458143075
2018.3460316780822
2018.3476051179605
2018.3489450152208
2018.3516642884322
2018.3543564497718
2018.3560592656013
2018.357863394216
2018.3597160388128
2018.3615496575342
2018.3648554033487
2018.367421042618
2018.3704023972602
2018.373077910959
2018.375993150685
2018.3769358828006
2018.3789607115677
2018.3816386035007
2018.3826769406392
2018.3844363584476
2018.3870742960426
2018.3884089611872
2018.3899790715373
2018.3925532724506
2018.3939921042618
2018.3954970509894
2018.398694824962
2018.4007429604262
2018.4027264079148
2018.404137652207
2018.4061410768645
2018.4087595129376
2018.411507800609
2018.4143027016744
2018.4171194824962
2018.4199196156774
2018.4226198630138
2018.4254133371385
2018.4283100266362
2018.4301835996955
2018.4319625190258
2018.4364445395738
2018.4385873287672
2018.44157011035
2018.44425608828
2018.4469054414003
2018.4496941590562
2018.4508242960426
2018.4528020357686
2018.4554285578386
2018.456503519787
2018.458477454338
2018.4610659246575
2018.4621746575342
2018.463848934551
2018.4663969748858
2018.4678139269406
2018.4692889079147
2018.4718726217657
2018.4737148021309
2018.4749082001522
2018.4774595700153
2018.479545281583
2018.4826797945204
2018.541388413242
2018.5563517884323
2018.614324105784
2018.6171094939118
2018.6184660388128
2018.670976978691
2018.6737642694063
2018.6749790715373
2018.6878034627093
2018.693010369102
2018.6957405821918
2018.704023021309
2018.712072869102
2018.7150742009133
2018.7178029870624
2018.718872716895
2018.720667808219
2018.7232505707761
2018.7246299467276
2018.7267732115677
2018.7286919710807
2018.731772735921
2018.7340325342466
2018.7367013888888
2018.7385740106545
2018.7447193683408
2018.7474500570777
2018.750194063927
2018.7531316590564
2018.755949391172
2018.7569910578386
2018.761523021309
2018.7625761035008
2018.7642023401827
2018.7656673325723
2018.768026065449
2018.76951674277
2018.7710021879757
2018.772428652968
2018.7741352739727
2018.776914003044
2018.7782068112633
2018.7803500761036
2018.7829257039573
2018.7857225076104
2018.788555460426
2018.790261130137
2018.7917812975647
2018.7941424086757
2018.795490391933
2018.7970319634703
2018.7997364916287
2018.801068302892
2018.802773021309
2018.8051645738203
2018.8066994863013
2018.809335045662
2018.8106735159818
2018.8131611491629
2018.81530488965
2018.8185697298325
2018.8211020738204
2018.8239921042618
2018.8268260083714
2018.8296232876712
2018.8324196156773
2018.8336648592085
2018.8352520928463
2018.8380079908675
2018.8392432458143
2018.8407106164384
2018.8421846461188
2018.844837804414
2018.8461377473363
2018.8477116628615
2018.8491381278538
2018.8515444254185
2018.8543497907153
2018.8561030251142
2018.8595310121766
2018.862317827245
2018.8652535197868
2018.867907153729
2018.8706892123287
2018.872179414003
2018.8735350076104
2018.8762747336377
2018.8777982305935
2018.8793169710807
2018.881692351598
2018.8834241818874
2018.8868017503805
2018.889165239726
2018.8922773972604
2018.894920566971
2018.897716894977
2018.900613584475
2018.9035031392693
2018.9062414383561
2018.9073901255708
2018.9090777207002
2018.9117827245054
2018.9130707762556
2018.9146408866059
2018.9172022450532
2018.918729547184
2018.920048040335
2018.9217304033486
2018.9248439878234
2018.9280683980212
2018.9306045471842
2018.9333418949773
2018.93613108828
2018.9373349505327
2018.939086757991
2018.9417137557077
2018.9445162671234
2018.9472807267884
2018.9500451864535
2018.9528186834095
2018.9545895167428
2018.9559308409437
2018.9583509322679
2018.9601398401826
2018.963512652207
2018.965707762557
2018.9668683409436
2018.9688508371385
2018.9715791476408
2018.9743141171994
2018.977167522831
2018.9802268835617
2018.983070300609
2018.9855546042618
2018.987184170472
2018.9891076864535
2018.9910507039574
2018.992958999239
2018.9958333333334
2018.9991790334855
2019.0012837709285
2019.0021727549467
2019.0044496765602
2019.0072897640791
2019.0099852549467
2019.0129019216133
2019.0155270167427
2019.0166433599695
2019.0184898211567
2019.0211777016743
2019.0239140981735
2019.0266861681887
2019.0294406392693
2019.0321984398781
2019.0339882990868
2019.035261605784
2019.037781107306
2019.0395557458144
2019.0425371004567
2019.045332952816
2019.0482020547945
2019.0509983828006
2019.0537918569255
2019.0565691590564
2019.0576755136985
2019.0597521879756
2019.0622678843226
2019.0632215563166
2019.0655041856926
2019.0675057077626
2019.06875
2019.0704842085236
2019.0730441400303
2019.0750708713852
2019.0761734208525
2019.0786653348555
2019.0806630517504
2019.081855498478
2019.0842974695586
2019.0863898401826
2019.0895243531202
2019.0923040334856
2019.0950570776256
2019.0978334284628
2019.1005902777779
2019.1033842275494
2019.1061382229832
2019.1083571156773
2019.1112319254187
2019.1133942161339
2019.1147593226788
2019.1163513127854
2019.118932172755
2019.1202145167429
2019.1218612062405
2019.1246713280061
2019.1275898972603
2019.1304518645359
2019.1332305936073
2019.1361410768645
2019.138967370624
2019.1411524923897
2019.142325913242
2019.14387652207
2019.1452906202435
2019.1470942732117
2019.1494363584475
2019.152282629376
2019.154442541857
2019.15587804414
2019.1601336567733
2019.1613180175038
2019.1635464231354
2019.1668887937594
2019.1689702245053
2019.1716799847793
2019.1745980783867
2019.1773525494673
2019.1795486111112
2019.182928082192
2019.1846979642314
2019.1862961377474
2019.18973934551
2019.192345414764
2019.1954851598173
2019.198310502283
2019.2011444063926
2019.2027459094368
2019.2041990106545
2019.2069097222222
2019.2082348744293
2019.2101369863014
2019.2123710996955
2019.2134902968037
2019.215913242009
2019.2175147450532
2019.218908390411
2019.2205332001522
2019.2219287480975
2019.2234960045662
2019.225881849315
2019.228493150685
2019.2310121765602
2019.23382467656
2019.235375761035
2019.2368535958904
2019.239446347032
2019.2407296423135
2019.2423349505327
2019.2451679033486
2019.246385083714
2019.2484755517503
2019.25063261035
2019.2537128995434
2019.2559707952817
2019.2574362633181
2019.260217846271
2019.2616433599696
2019.2638693873669
2019.2665605974125
2019.2691271879758
2019.2720010464232
2019.2748530251142
2019.2776355593608
2019.2805208333334
2019.2833371385084
2019.284778348554
2019.2865477549467
2019.2887842465752
2019.2901117770168
2019.2918136415526
2019.2941866438357
2019.2956221461188
2019.2970443302893
2019.2986420281584
2019.3023135464232
2019.3048582572299
2019.3076098744293
2019.3103976407915
2019.3131549657535
2019.3159750761035
2019.3174072488584
2019.3188170662102
2019.3216148211568
2019.3230332001522
2019.325324391172
2019.327077149924
2019.3286158675799
2019.3313165905631
2019.3345143645358
2019.3372460045662
2019.3403462709284
2019.3429880136987
2019.345692541857
2019.3470666856927
2019.3487932838661
2019.351479261796
2019.3542613203958
2019.3570600266362
2019.3598011796043
2019.3626055936072
2019.3639297945206
2019.3653567351598
2019.3679737442922
2019.3694943873668
2019.3708956430746
2019.3724472031963
2019.3755845700152
2019.3787847222222
